0.623321013061
0.596457618902
0.56966046782
0.593920948366
0.609703008462
0.597584008216
0.601305510794
0.590696112565
0.601870436313
0.603250276723
0.610281561746
0.610094408176
0.580640992624
0.609141027936
0.649489022825
0.668267863301
0.678801578776
0.689780459335
0.684162138382
0.685681794718
0.681147215299
0.663540808204
0.685532057093
0.683237626162
0.680648650139
0.68815125868
0.684019199122
0.638912423487
0.576066421944
0.595609930502
0.611164334698
0.618479652056
0.600521550524
0.589411021375
0.592446301927
0.605359857584
0.600399343527
0.6182579257
0.591857181839
0.621731903822
0.65925884907
0.673245593408
0.675976702581
0.687179354102
0.68628583322
0.681174670453
0.680162345742
0.681591332165
0.682380050883
0.681561715691
0.677225913967
0.67970466161
0.665553467355
0.628774875119
0.601955781469
0.604412047689
0.612699193179
0.595060806406
0.620046154216
0.613451233751
0.605472764881
0.62404846863
0.601037079265
0.615334277283
0.594829745347
0.664478676432
0.671327129888
0.681385770843
0.697712353541
0.687435174675
0.677014592334
0.680113676831
0.689826457568
0.695092399154
0.686773223112
0.683799289288
0.683042642069
0.693844650857
0.681819014498
0.60758367208
0.596854251383
0.614578484296
0.602590172877
0.601397072597
0.62267519804
0.601061271156
0.618107232658
0.612365551141
0.61935023544
0.610644729788
0.608208741076
0.669273324516
0.677897393761
0.687249086217
0.673841935178
0.678155119573
0.688394540651
0.677307053751
0.671212107008
0.678497977229
0.68981351441
0.689471116699
0.679240676487
0.682543956429
0.667743691005
0.634204370447
0.617322487031
0.627776714597
0.638572953314
0.635350163334
0.64586734726
0.635853119768
0.641193226935
0.629108914464
0.634611387522
0.635384359312
0.65292572888
0.693384200863
0.691900458709
0.694777289562
0.696625313446
0.696267140437
0.69921314677
0.687535533576
0.693892658926
0.69351352995
0.688939949637
0.692861694971
0.683649017843
0.683187091024
0.660127481308
0.627137949264
0.629563513798
0.629009955069
0.626684283195
0.617382272354
0.640265068243
0.637320381911
0.639337809121
0.641294398163
0.63915639864
0.604568225792
0.674074012761
0.688549971399
0.672996350674
0.684838861862
0.677097619466
0.6952166599
0.693118034245
0.686229800543
0.693903841589
0.691317807606
0.694212286672
0.694593871474
0.690324766985
0.67854257481
0.668886661175
0.683115742462
0.686442683634
0.684629783382
0.677335393459
0.689057880483
0.676210132676
0.674962037627
0.67341333298
0.662724407159
0.674854432865
0.681365451615
0.667467430863
0.691088826007
0.696434646824
0.685332349233
0.684507291283
0.688633992174
0.691198857632
0.702588111551
0.71103626261
0.708459000762
0.694448084319
0.705421602952
0.708076775868
0.684312639654
0.670775666896
0.674952324947
0.678819105243
0.68489224022
0.682859126484
0.67928235683
0.681331687354
0.694478689018
0.695628301098
0.673398045897
0.682148451068
0.682227717808
0.685067141654
0.686736248342
0.709413636106
0.710823262048
0.710537828106
0.712587516793
0.707743406852
0.714888346161
0.71028531923
0.700554384567
0.703027373758
0.703631868715
0.698757847397
0.666476111347
0.575152610431
0.606623636488
0.611202704562
0.604664379954
0.584095564052
0.590305495587
0.603665461993
0.587564622615
0.605495688505
0.594343737358
0.587946811422
0.634683696237
0.679849606502
0.682618062029
0.684013181952
0.689903744804
0.679022175231
0.682031575356
0.687526172686
0.675511879892
0.686861215176
0.689866271723
0.691740241778
0.692021496115
0.672600441289
0.611347191551
0.585083856105
0.595732574831
0.619879133401
0.613515011621
0.603496754362
0.583267062009
0.606521116314
0.599295619775
0.59795674919
0.601165835368
0.577814611754
0.663394003036
0.668105751342
0.680144383993
0.675654886038
0.681639515895
0.667041462972
0.675830437365
0.686318359769
0.688808539712
0.685022549677
0.680142633865
0.675215064875
0.672420623273
0.649390561353
0.596337098698
0.592987810371
0.59347918837
0.616658052771
0.605644840614
0.620471378544
0.607954351359
0.602937166293
0.620247668173
0.598820986349
0.614938190853
0.611342352885
0.660877701322
0.668511655797
0.683102988174
0.682498887417
0.675284863424
0.689764407332
0.689869085248
0.689593029813
0.700413986891
0.687456118419
0.686961067919
0.688070935328
0.694741716443
0.662985617445
0.581295181503
0.606279406665
0.606534356363
0.60416415266
0.621880169858
0.601107248497
0.598064076362
0.598189803722
0.613285368707
0.613971416957
0.603391522609
0.653786849664
0.67518863009
0.679195923258
0.681954305116
0.690190400227
0.695269026892
0.693606871482
0.687742805511
0.671953379448
0.687710158958
0.697151498821
0.689694851712
0.684561843234
0.687983812131
0.645515141129
0.621819279565
0.620449809524
0.636543914608
0.641407823601
0.633113129478
0.637320612669
0.638302852448
0.640253894911
0.625670025835
0.636734306492
0.638407821651
0.676416622136
0.690046917951
0.681239346558
0.672059780491
0.687936632461
0.699840842082
0.692128617317
0.691592317444
0.696631835337
0.692795901496
0.681538549451
0.684588607507
0.686125985405
0.676595797181
0.629599548221
0.62672403766
0.623893745587
0.639213919753
0.638835614039
0.63874732494
0.639403284941
0.631907803865
0.641413641851
0.653018637663
0.639661530007
0.643014061829
0.693357381957
0.682844081861
0.693463463655
0.680389116148
0.694079757103
0.705531401571
0.692455671867
0.691890117154
0.694617093757
0.692487901553
0.687710605064
0.694685002805
0.68946040256
0.68093961565
0.678712134313
0.682461183033
0.682444424038
0.674037666995
0.662707913108
0.68235679046
0.677548803109
0.677632727982
0.688044245728
0.675154120891
0.680996195031
0.683074024678
0.681816129906
0.691639561706
0.698492536409
0.683101761885
0.695809524239
0.703771287301
0.70178639498
0.692098482446
0.693193367507
0.696738100694
0.699615001673
0.708739133791
0.699669835821
0.699017723848
0.677160051283
0.678968091144
0.694911339921
0.68986401623
0.690195306691
0.694773414448
0.686001110623
0.683953369234
0.687377627812
0.678676673068
0.683485064813
0.686258917074
0.698553185208
0.711913663063
0.713923093394
0.713761709758
0.716492177137
0.713031079551
0.717137215437
0.710120779362
0.719049806896
0.716445606249
0.709295530959
0.711704343463
0.702674674204
0.642123808925
0.578410543732
0.600354851253
0.606350110415
0.603057265125
0.589384677574
0.602381726415
0.60450997881
0.607664383333
0.610271097464
0.599263040201
0.606273953136
0.680844877438
0.675568744552
0.678935809341
0.682385839832
0.681592535786
0.676804274345
0.679771686969
0.675160885385
0.674773064844
0.664411492365
0.677840137041
0.67346058043
0.680445626402
0.654004410361
0.585272472699
0.586397382736
0.598539171839
0.594771349299
0.598325229455
0.602639565824
0.578328908753
0.600388536031
0.578677036923
0.608267654313
0.61893341951
0.6010694722
0.660356481651
0.6691252584
0.660193891042
0.672265650211
0.679338526325
0.676816611421
0.674042626671
0.670388481447
0.672966264578
0.678311632353
0.664273190776
0.673149552099
0.678475943449
0.65511110749
0.583338166342
0.579470644317
0.596428477341
0.603214036017
0.605700095301
0.604427125209
0.593174801624
0.599579372142
0.596802490828
0.60544490567
0.604486584376
0.605912892689
0.643454143522
0.669676133276
0.661797564646
0.653492040257
0.669293014134
0.670840790265
0.673567955056
0.671702118555
0.677463829723
0.672345172293
0.66884154394
0.673224673368
0.673450908407
0.642868706426
0.58397625173
0.584735802876
0.577926607624
0.592228438235
0.589626292311
0.586379660237
0.594154176992
0.606007285834
0.614958866059
0.612935037129
0.595045365305
0.640369269441
0.648413114442
0.66086850597
0.669922341314
0.663795453483
0.667307193426
0.666927692586
0.677515711331
0.67579611817
0.67236048359
0.682237449296
0.664449618667
0.665074683997
0.652910913131
0.616156046123
0.609731828372
0.615681108707
0.616282554938
0.621236267721
0.606434526787
0.606415110522
0.605752399865
0.619509256667
0.607180038447
0.611340364562
0.594009967716
0.661009028672
0.660747505654
0.670870892083
0.678442080011
0.676843321513
0.675892107845
0.679976953112
0.677996908878
0.675172744668
0.682594130638
0.677284405073
0.670909531072
0.671585874242
0.651207325874
0.617287388679
0.607949765173
0.62330563619
0.617331911651
0.617404102548
0.604200380843
0.616943849031
0.599314263622
0.619591820318
0.605098527085
0.600337539191
0.618203256897
0.681033742818
0.673545704996
0.673031230076
0.674818730025
0.669751250538
0.68613531889
0.677788541826
0.675307552679
0.684539072402
0.681950973471
0.678993527568
0.675120880025
0.675161349587
0.672356959885
0.662048325836
0.654975978864
0.668243335085
0.659411161257
0.670170212575
0.667632362626
0.647547047216
0.655450049331
0.661079026888
0.657576232065
0.65224077281
0.670113329367
0.675437123457
0.687238045114
0.690530768693
0.693624309542
0.691555676428
0.690379263022
0.684613875528
0.689993401886
0.688420787168
0.689001188579
0.679892308151
0.683731222806
0.681657702065
0.64071503874
0.658329433777
0.646713456092
0.656331429106
0.657284264421
0.637036675054
0.64451479011
0.671207743154
0.674498935268
0.661918301983
0.65243055605
0.643537483062
0.672018615403
0.687780891539
0.693793029783
0.686414774945
0.693809151553
0.693205278445
0.695101708116
0.6804353516
0.694137258494
0.696824093671
0.696924585388
0.698155171231
0.695075960207
0.668107927625
0.592216402198
0.597591159441
0.596959484684
0.593163940889
0.600841345648
0.608421154542
0.604629052259
0.59318086101
0.606197300082
0.610416715136
0.604917862277
0.604751358524
0.636284032583
0.662895672808
0.669485011239
0.665631006274
0.667976622119
0.669641344661
0.669783069345
0.673282737126
0.672916967809
0.670391484567
0.663355036055
0.672960779917
0.667182702685
0.631808989128
0.585081059866
0.599400817917
0.602062867685
0.592277203568
0.599092540767
0.596529450579
0.5950456165
0.604716243447
0.596531203588
0.603892791214
0.580355305476
0.611619040483
0.652925590499
0.662094871009
0.666881509641
0.665479946943
0.6638490796
0.66052459258
0.663882673888
0.668003870727
0.670816328572
0.669239669577
0.668524675936
0.664569893454
0.658788600387
0.626628004823
0.601958904871
0.604214190715
0.614241562474
0.611918373722
0.60295341172
0.60504614251
0.593735989459
0.604718700829
0.59049021736
0.595188997478
0.597475955043
0.628886253264
0.654279504144
0.662002089052
0.663946342262
0.662612843157
0.66844613483
0.663083522022
0.655046539691
0.656776028595
0.658156337521
0.661996260309
0.655407500148
0.668280174329
0.656940802133
0.604110238631
0.603386365736
0.606986503759
0.591775963846
0.592344720188
0.605658927286
0.606852450028
0.59781065602
0.594262660417
0.589299690528
0.593555232909
0.615477626233
0.65282087945
0.655910012893
0.657158877632
0.661156752422
0.658839966879
0.658907119276
0.663014135861
0.660831401713
0.661441869826
0.660984027458
0.660468946365
0.658646885083
0.660353580651
0.573292830175
0.459677558733
0.446685308666
0.486512592012
0.486499677765
0.528474381911
0.585157293128
0.582082611094
0.593795829865
0.605712056653
0.605319609152
0.616363759073
0.604518075187
0.526425696308
0.440328463032
0.475992995406
0.502652775929
0.489616847102
0.497293077796
0.584115318702
0.615109065987
0.595263596568
0.592904566662
0.59640530582
0.598385816031
0.593837540149
0.524507502632
0.467147425728
0.491762459233
0.515220876166
0.514411506095
0.571154842246
0.604259607842
0.60686402528
0.622289170382
0.642309687072
0.624330857923
0.630599509779
0.588272691415
0.50667727908
0.494741890854
0.523476315685
0.545975469718
0.547624698051
0.582014720599
0.630903457426
0.644260957138
0.638292312392
0.637137052746
0.64174224288
0.635753153758
0.590285167199
0.519075567507
0.51611695116
0.568295291265
0.572901728999
0.556144264491
0.600993319577
0.543235880535
0.512087364364
0.542718248375
0.575808228591
0.565542759182
0.585098505123
0.579441960373
0.513773001137
0.521752482835
0.575849970785
0.577923395542
0.5641327279
0.60665093093
0.543512755523
0.519805798803
0.55181136308
0.579050750451
0.560893847054
0.596965648507
0.575525420075
0.523451149093
0.544422706435
0.588777168029
0.582475391469
0.582087276342
0.606494565079
0.535264642208
0.525362880733
0.563030743078
0.58345179774
0.573396892848
0.610268334781
0.56214006594
0.520864872358
0.545609041108
0.586936753346
0.58123032153
0.589587378712
0.596733601758
0.52570989438
0.527996233035
0.563062919156
0.581939238357
0.569339896855
0.648411509577
0.67534930443
0.650247356133
0.62425041405
0.63638745875
0.633049851684
0.645455464339
0.737329985105
0.736145393111
0.674886995116
0.672788272784
0.665160686908
0.662046054022
0.684694602307
0.754764177092
0.690953504446
0.658147470327
0.663729040416
0.662638226671
0.658778949033
0.668841992416
0.656497418875
0.587967562473
0.619581498221
0.613715956606
0.633863151156
0.690869552245
0.714932677422
0.701648456768
0.697240950733
0.676027486033
0.674838517269
0.684111452426
0.769098218716
0.720906027499
0.649145063125
0.649061188015
0.659931413397
0.650321338048
0.724967980544
0.758478637544
0.683699274297
0.670112444319
0.662061914267
0.653059186164
0.677900217342
0.764385533934
0.717267116259
0.681424281754
0.672399795634
0.655838362794
0.650909635076
0.649643327354
0.647693324935
0.590530336149
0.59891550959
0.590391273853
0.585795971962
0.693775692198
0.786579048474
0.719414343505
0.641413876214
0.602767016616
0.550216637672
0.570903569873
0.666115617455
0.6650240607
0.569679963324
0.593168807354
0.590913801658
0.598502947938
0.774200876719
0.777513353639
0.670395364087
0.621926826391
0.652331013317
0.690655066643
0.714488659862
0.719364996681
0.708242519473
0.717944471162
0.710588495623
0.685775165964
0.645881323031
0.760961551489
0.782858257926
0.682454746029
0.681285763166
0.652093620486
0.574619794145
0.658705478448
0.774286304619
0.764834381026
0.745879186264
0.70847643442
0.666994477378
0.641732133681
0.756041793071
0.763132852026
0.703411294962
0.690626851446
0.650774574103
0.634621993756
0.636751647577
0.661839498426
0.618196885313
0.598225208766
0.607627918306
0.616014617375
0.643968713551
0.732852797906
0.731964966245
0.655860890106
0.658438317211
0.64280275321
0.645654517365
0.739593512939
0.77818222617
0.696679959013
0.668436179824
0.659360295024
0.664813356524
0.665573168785
0.666606963266
0.650868307951
0.614654096923
0.63201390094
0.605455203701
0.607422570504
0.707330193969
0.718896433176
0.702650990771
0.716038195338
0.70815379135
0.695418402289
0.687630999257
0.759433218699
0.701885589274
0.646009895637
0.643534045958
0.637825649415
0.62277082634
0.732766376655
0.734725081895
0.656348406396
0.661852260632
0.657106285428
0.665222342412
0.701655321284
0.774391058237
0.716711837569
0.670326011687
0.672229531012
0.671956411542
0.653054169621
0.661731645469
0.646835845879
0.563394026295
0.579913488121
0.558669598395
0.566351572497
0.74690054234
0.797063634163
0.708900044963
0.645249074106
0.570450854654
0.539098442538
0.583391630449
0.656387466496
0.639538568365
0.559422227193
0.586120034769
0.59254773765
0.617035948419
0.77751417336
0.763898548402
0.644782718233
0.621237426068
0.645380464147
0.682806973256
0.723879549551
0.714343810223
0.712063711697
0.709981489564
0.709680982677
0.67538366946
0.648535777441
0.762495198047
0.771497266325
0.689361958555
0.703198638789
0.659926399008
0.580385298404
0.697664730142
0.773525586342
0.763387677827
0.740001372311
0.707165799339
0.662209734131
0.651513988195
0.766808444579
0.755945623038
0.691507559994
0.682782961596
0.640041146246
0.626046971823
0.650360249466
0.66033960649
0.636526139823
0.634215575468
0.641869205309
0.634162061552
0.671295295641
0.761065942952
0.716952765205
0.673063987725
0.66788549466
0.648069267345
0.661167784509
0.726585484576
0.757945637193
0.677745296038
0.670383206896
0.662883899464
0.655566738253
0.662417305643
0.670395011801
0.628314428615
0.604733892581
0.629145290903
0.614298005968
0.649511534739
0.704453389878
0.715068163879
0.695887608664
0.703270836491
0.702941659704
0.680661249465
0.69633577812
0.760060687924
0.68856467136
0.663785046519
0.666784332354
0.664082156087
0.648191992544
0.741022515375
0.71946752645
0.660741946695
0.677679573194
0.668710738033
0.664963492976
0.711604876538
0.761223498604
0.678884093172
0.657478934139
0.655587344419
0.654036695721
0.664694255692
0.664592513954
0.631293295317
0.585376179358
0.592127979718
0.589532566521
0.595406889943
0.749479707064
0.790750455769
0.700386992485
0.650161476484
0.573709883479
0.536648547801
0.614642245562
0.662162545803
0.62288128867
0.566385658474
0.594181964195
0.584258788002
0.620894270122
0.785364528296
0.754200797943
0.6354815516
0.634598982389
0.673817974856
0.691505029608
0.730875108147
0.720793324079
0.702849871657
0.718106523388
0.704620520801
0.671620462048
0.644144037622
0.782835620311
0.760406897097
0.677952659753
0.685706892869
0.631846797479
0.55565821081
0.725739086881
0.779258889306
0.761263286975
0.734027476664
0.69144854935
0.65951470321
0.661181816655
0.780966073328
0.741474918177
0.695855344408
0.668554432941
0.64155493278
0.629902643485
0.649819857649
0.655933336718
0.600720533504
0.61455493951
0.603878927028
0.618999108656
0.679758321886
0.752084375637
0.696718290072
0.654061592323
0.650627083233
0.635623601477
0.635592801616
0.768683247013
0.75108817327
0.670846828891
0.657705990085
0.66133849994
0.670085690694
0.667294773147
0.661331762331
0.628435673682
0.626885289481
0.627041741584
0.60605276969
0.639561529472
0.709834830782
0.717743798395
0.703716663996
0.720841200027
0.705760781551
0.68626460753
0.729454583883
0.76710565724
0.685720603143
0.648242885352
0.650350880437
0.654369355988
0.662765013256
0.75838916933
0.715408944968
0.657059632042
0.660262322002
0.653178489655
0.662699440885
0.743514677045
0.763410208595
0.684955996997
0.668470175792
0.660371973634
0.657487972386
0.664649018669
0.665123318828
0.621526383681
0.571393269281
0.597800599527
0.569233161247
0.605915313945
0.811529692939
0.798085912249
0.692859774928
0.673604977567
0.685958854747
0.681441453296
0.684280067872
0.66854313715
0.620757032076
0.593932915251
0.6063054621
0.609764919622
0.667590808847
0.805506836927
0.796006948135
0.729815451101
0.712275392169
0.718350528421
0.722217202152
0.731427471845
0.718178730984
0.713265284925
0.736453840206
0.739179361723
0.731216686713
0.743158390791
0.834857240334
0.825723505896
0.745918556561
0.719553492859
0.718872069797
0.736592784183
0.802671843959
0.80297366478
0.79043890044
0.773819013079
0.753548054289
0.738828329978
0.775781220735
0.826452333991
0.797421686433
0.733663829798
0.726360517324
0.735415122535
0.733158389177
0.683538776004
0.663257912658
0.617182297509
0.626069769598
0.638658047596
0.637379031116
0.69910932039
0.762186171141
0.68491517195
0.66527231619
0.659481198054
0.665232442298
0.675122395574
0.753596900572
0.738217886554
0.671592988444
0.662696732042
0.665341817252
0.658552529833
0.669039540506
0.666209282435
0.603198570393
0.619377452028
0.619036777952
0.617286282251
0.677389110064
0.709609808208
0.707522912536
0.693743915126
0.689139267616
0.69598304248
0.682111768378
0.747517271632
0.763081305698
0.669540432978
0.643136188809
0.64712420755
0.652298871396
0.686415752894
0.768612483452
0.712391427831
0.669326989878
0.670787934307
0.64751771062
0.641824391861
0.741099806532
0.75152989065
0.681561675541
0.662460954293
0.656488666573
0.639285547807
0.654554177325
0.657800577575
0.609235410395
0.587636437266
0.590337127586
0.57129201851
0.60964393007
0.783804607858
0.767025203206
0.665435841115
0.618721410153
0.561483089342
0.556370080025
0.648801907557
0.665222627549
0.585937976952
0.57889588323
0.59562931225
0.589929646744
0.708070549861
0.786434572173
0.719230353393
0.628275545804
0.63418618828
0.680034623711
0.698416690098
0.732347378718
0.721976379131
0.707832768312
0.71615901377
0.700920989799
0.660759343432
0.703166578302
0.792675463312
0.721761071169
0.681549109721
0.67805281244
0.603348665141
0.54475722063
0.754601935497
0.775493558157
0.753243531743
0.725036433533
0.684284348563
0.651875046966
0.718819316298
0.783652446866
0.713609132638
0.691754426833
0.666456798278
0.639109818669
0.629101217698
0.660642805091
0.64927985079
0.604006896613
0.62213657384
0.605520331109
0.623213078513
0.71156431842
0.75576538736
0.668082594493
0.652296900795
0.641260794052
0.640283894125
0.678827396598
0.788852146003
0.728320024863
0.670223865606
0.666209414674
0.65683613016
0.657332345538
0.662324230871
0.656426707967
0.609257635048
0.633699295817
0.620187644987
0.606211514928
0.676584654477
0.715521280983
0.710421389524
0.709141115945
0.711518984923
0.693982913258
0.673320999559
0.747317646392
0.748293502579
0.660313151536
0.649602531797
0.656312553183
0.660195065509
0.713083981965
0.769482038352
0.700906851828
0.664981622901
0.657306484422
0.646465005058
0.643114537629
0.749667291829
0.732622650927
0.666923726629
0.663628029451
0.667972770225
0.671132576462
0.670110614234
0.653995164584
0.589362341743
0.580837449062
0.580520729143
0.56297813902
0.648372858968
0.795522938667
0.727552697583
0.625665933623
0.608737972063
0.522654405851
0.557591675241
0.653726068954
0.66150394396
0.571267722616
0.581759372958
0.58552685105
0.592938086421
0.741181066799
0.776827234058
0.68712679972
0.611786851064
0.631203724259
0.677417174351
0.69449097291
0.725457331283
0.70810273822
0.70689509128
0.719217315346
0.688198127907
0.652985361104
0.726518947049
0.786041103227
0.710354446429
0.697305996677
0.685475281012
0.612639831148
0.589848247055
0.767215551017
0.774835276093
0.750455191259
0.720254166847
0.677662587144
0.647855423227
0.741727381546
0.779346960957
0.694593084392
0.687814743948
0.652514709041
0.632604009774
0.637379976173
0.660601231299
0.647178217865
0.62365079138
0.637114924767
0.633415631704
0.646308822122
0.740746677178
0.750204218837
0.670655486168
0.667268403071
0.647552831169
0.657596017344
0.676820482591
0.763988165771
0.707021217148
0.664258206809
0.66039824734
0.664147249041
0.659634832927
0.663019475288
0.653397018348
0.595773379191
0.628665254058
0.619214180916
0.632651394555
0.691896045204
0.715795239801
0.697510818771
0.703526698698
0.695475217687
0.685101667193
0.67217554577
0.754674160145
0.726869150569
0.654237736105
0.656851289609
0.659274548468
0.65982730192
0.717827569852
0.758772443663
0.681129325872
0.66997110146
0.674527805267
0.665699726832
0.676877992712
0.758689766772
0.713531131837
0.678922035904
0.672355076032
0.666889916322
0.66125346693
0.665362902001
0.648436870186
0.585963062683
0.595717494213
0.599067177077
0.586001225379
0.684540472696
0.78686524899
0.723129139703
0.652244134764
0.59544343133
0.555436178126
0.571085143681
0.656070802641
0.660008408777
0.559568291868
0.586866231267
0.580553860088
0.589635460071
0.764905652217
0.773709307256
0.664684584799
0.616677998824
0.629043622383
0.663753281931
0.703537788092
0.725914009961
0.708271442327
0.707766771702
0.710019879783
0.689506074684
0.64612802984
0.738794065492
0.776170344086
0.676804138854
0.682026218423
0.655462195191
0.574210497496
0.644441061686
0.773919233081
0.765512182465
0.745138650084
0.709862395656
0.661111337153
0.637473496944
0.75628296447
0.773839192233
0.697556684658
0.691160642982
0.648236930912
0.629529543653
0.635746369467
0.664594493066
0.61859874054
0.591914361983
0.607672538271
0.605136063529
0.633074295404
0.720098185397
0.722230976334
0.658355987097
0.665320750039
0.656800516824
0.651674451391
0.735861097465
0.776458433789
0.692506433398
0.659491141562
0.652384733174
0.651333166975
0.644085655037
0.657617960287
0.645093798921
0.609367909203
0.634395878456
0.611972228375
0.613099130457
0.709237635574
0.718261548604
0.697371055932
0.719729475588
0.703650644397
0.681762290717
0.667724805739
0.75041008139
0.697953202458
0.633141767387
0.637506050706
0.653785082858
0.658854918647
0.736779050365
0.750620461932
0.680040426667
0.671331748416
0.662338113897
0.672009753483
0.690813041408
0.766108491938
0.701946687754
0.650661131385
0.647161997815
0.64964482027
0.653912420707
0.658737957616
0.649342720347
0.574782942885
0.601537922582
0.585550163439
0.585772503714
0.770377836809
0.80940355302
0.722621122676
0.655357765993
0.66282995797
0.660361885141
0.680242468104
0.671305755683
0.64987430267
0.577173691149
0.605782666688
0.599557981408
0.61982743054
0.785926495205
0.808857427361
0.740864246859
0.705704493261
0.711070541314
0.717063391973
0.726724572272
0.717355665747
0.706166247881
0.721543019469
0.735570807221
0.734605776322
0.714800794914
0.815719143547
0.832300968423
0.763366579638
0.718681254706
0.698949221057
0.700671835113
0.780778460021
0.803767508107
0.793426608099
0.77991408407
0.757114378807
0.736813110203
0.732185519845
0.8198968239
0.814586982572
0.749518419667
0.730961203407
0.736847485676
0.735322152698
0.696022760464
0.664269248204
0.595085172837
0.549099485749
0.568985179312
0.564275772548
0.636761250135
0.794837140331
0.740261622463
0.659168606432
0.647237891016
0.62310800136
0.634887803353
0.736402066845
0.786180525813
0.730594128959
0.691290405178
0.697569042213
0.701637972363
0.68609183065
0.665859525763
0.631437983024
0.574260869721
0.603127234046
0.601758034062
0.633373243703
0.707491378486
0.713901359016
0.713776984664
0.727196437385
0.724187686992
0.710007752108
0.745151775102
0.805784879779
0.775723294981
0.749361267701
0.732661843097
0.689612383776
0.720738796069
0.794512689471
0.738409962475
0.655090886179
0.667045707819
0.660329277218
0.66956861205
0.737168009583
0.788303230446
0.686631978041
0.642681268509
0.664838047455
0.675290659377
0.676209223877
0.665605520103
0.641282883382
0.554179685472
0.578909444814
0.580209730612
0.596998251649
0.759330965823
0.772334030036
0.673476579512
0.653491041724
0.656057271429
0.636966878869
0.640445377296
0.659588467158
0.626460217655
0.60768696939
0.626769020381
0.603271877566
0.614809308508
0.764822482415
0.765141716833
0.646463068074
0.628575472199
0.624824542604
0.605159010104
0.66105630096
0.723750638966
0.689531198712
0.701690687575
0.694205154908
0.673061970197
0.644391166649
0.767881700735
0.758172553536
0.692065907091
0.690232076567
0.621693697904
0.538676123039
0.714787796596
0.790768095214
0.781935874802
0.774944913111
0.771494414345
0.752367128377
0.760064140744
0.828893355295
0.84472661965
0.821300038354
0.766035305262
0.766203209515
0.763319777853
0.695333842437
0.661052832998
0.590437147027
0.574765021554
0.577089479368
0.583775899031
0.670473961586
0.774725083856
0.724758468621
0.693276893028
0.677924889743
0.647952882347
0.639452309009
0.761023202581
0.783856699322
0.727514252112
0.703452017434
0.689711935857
0.679410303152
0.679168046277
0.670831615437
0.612259034597
0.572149618576
0.602915921251
0.611599166577
0.649798340705
0.720695848408
0.719524615499
0.711189757352
0.72689427616
0.719181998427
0.707794240343
0.762316213505
0.808652418168
0.767210993161
0.744835013184
0.731680849988
0.681528523045
0.801440454281
0.797523520421
0.731964778665
0.666948256607
0.677694951735
0.671822913232
0.679227052819
0.747050731817
0.78366520842
0.69595884975
0.689396553874
0.676092578999
0.668915272035
0.679237879697
0.669016257504
0.619374989593
0.573094582382
0.609909431056
0.624302030159
0.629251549913
0.771268960797
0.770875168009
0.665469803762
0.681292553923
0.666752438196
0.653524816128
0.659944497751
0.661277609103
0.609443681951
0.628805949593
0.61538514739
0.612059196873
0.625563348954
0.765617416977
0.749846187105
0.68098289824
0.672580798178
0.650083531463
0.637128187066
0.687543370505
0.709048332783
0.705573203309
0.703491301863
0.699714273704
0.669484614245
0.674173285511
0.773374181912
0.737824869928
0.679457376747
0.68278417623
0.672005270431
0.65334587824
0.755456183539
0.790955001389
0.785115587095
0.770394552674
0.761192255947
0.750825367866
0.76765566715
0.832290190451
0.83081154483
0.759281649568
0.742773932299
0.745825793391
0.748700637742
0.690807995666
0.656665024277
0.575216832708
0.605399980856
0.569943789507
0.593587882169
0.709273474469
0.779431391814
0.709123890432
0.641556251836
0.647762030182
0.622043103536
0.637948959708
0.769387023945
0.777934947079
0.696080103568
0.686053960866
0.692938880965
0.681533094798
0.664180468097
0.65814009403
0.611845653124
0.595531358772
0.607987551331
0.610857754072
0.661791681581
0.714953172133
0.708147223725
0.718154986188
0.728253646815
0.720750977368
0.700609954894
0.777854092621
0.808462998892
0.759082050524
0.751243372766
0.731872502128
0.67696581735
0.807766872756
0.785474034315
0.70721645754
0.654836605384
0.665645651273
0.66584984447
0.673520592361
0.77081408163
0.778355254049
0.649107592129
0.647751592751
0.662332636761
0.666456068195
0.671904997545
0.669895333921
0.62348771203
0.564846059686
0.575130204581
0.577101381953
0.621830378913
0.779823010379
0.757782771172
0.670833748285
0.666194029671
0.637912173809
0.620876915465
0.64604392758
0.655633514635
0.608145103897
0.613447546329
0.585705108107
0.58336565711
0.653132859079
0.787789450135
0.750316214453
0.652711333514
0.626358487119
0.602824434648
0.60618887295
0.690392274934
0.70619988286
0.683561551853
0.702640492902
0.68155686761
0.661183795219
0.673180501189
0.769356263525
0.731938736149
0.685914576195
0.671210083905
0.594845676937
0.52620753383
0.763029463233
0.794377908519
0.782875339089
0.773595883191
0.749787465239
0.74887573133
0.787936631595
0.834088509218
0.84666888032
0.78214502299
0.768785412152
0.764280891485
0.762362979077
0.683099837153
0.646333392971
0.574600323159
0.59456953206
0.584354928935
0.574035271364
0.7443144815
0.786886962503
0.695946312113
0.680754917937
0.672950336478
0.652631652121
0.680939900233
0.794023474438
0.766444692091
0.701474652674
0.69130289485
0.675297087611
0.666210542668
0.665985832053
0.661542289415
0.58069483815
0.583953197961
0.605079459642
0.610563350926
0.677065494715
0.712400906616
0.706396078882
0.723050886236
0.724231987086
0.715451884344
0.707535533063
0.796881308935
0.809041462928
0.759445946656
0.753417858685
0.732644714893
0.655899057944
0.808587801099
0.780404621092
0.703128525023
0.672710810208
0.671703482862
0.673888224345
0.678956111943
0.780344285688
0.76253296588
0.678811550467
0.689758487279
0.678593205096
0.664894060027
0.673926507662
0.670102640244
0.597997577089
0.592006155454
0.585390552538
0.566289640338
0.657162336588
0.779584631965
0.733033713518
0.677534765406
0.671788448586
0.661345154003
0.649196105529
0.663267670797
0.655289288413
0.600872911752
0.638754933933
0.627177547839
0.589487063255
0.687137841081
0.77013703614
0.709135774668
0.687650567681
0.664173155462
0.655977811957
0.650026710821
0.7075077846
0.708231022708
0.710211253025
0.705662751944
0.695006264968
0.679761294821
0.718433473318
0.78096943692
0.71624833803
0.68430177975
0.672698845622
0.659003187228
0.659982986523
0.771582671047
0.790730917061
0.783294273421
0.767088169735
0.751005715635
0.756852216363
0.802162177912
0.837803298625
0.825865947565
0.759655104492
0.75358594099
0.747016947872
0.732434112655
0.667147403137
0.647338925328
0.570697223339
0.587744232884
0.587881683614
0.592046740689
0.762002327237
0.769761251671
0.680201281356
0.657448364626
0.640588150005
0.624587523361
0.682906410436
0.780289083726
0.748826325091
0.703957752964
0.70788260588
0.708162545247
0.711150843912
0.670800020509
0.657645661625
0.574182104191
0.599688527501
0.597795966422
0.608363262737
0.70267876022
0.714841176689
0.703410417154
0.725611231686
0.726288466283
0.713116812437
0.712662787821
0.802697448936
0.803577684457
0.753534285527
0.748526632361
0.702392551943
0.642683916887
0.804892535984
0.77367620923
0.676566087687
0.664676232302
0.67396730125
0.66988455289
0.691601934859
0.785056142467
0.746200295996
0.629169788101
0.659665365431
0.663673731681
0.675705686514
0.665654641807
0.657095116748
0.557549790977
0.562327214745
0.577274593709
0.57260455106
0.683346213473
0.77127773736
0.718023922294
0.679202923411
0.665015813159
0.620515113114
0.615532216545
0.648833813743
0.646991999742
0.59694607719
0.635464475107
0.590109614427
0.576539114402
0.711659025467
0.774085804657
0.703474522408
0.67575922142
0.649647939915
0.636799599007
0.647760506683
0.702791961666
0.705378442015
0.703228751637
0.70791522767
0.689155151624
0.657946947194
0.724918003636
0.775143484922
0.70244009991
0.685411187057
0.655730503186
0.572026305595
0.634993775777
0.783063985179
0.791923231199
0.778251488249
0.770039928407
0.751840898391
0.75785433163
0.814999406862
0.846627394959
0.84281200669
0.740059578846
0.754241461835
0.757432188585
0.729138033052
0.668613971243
0.610198122543
0.566916497351
0.584996712498
0.57783404165
0.624065016599
0.778979207651
0.753504305861
0.660820330011
0.674624953532
0.658557239711
0.632788286755
0.705414852452
0.788051741973
0.736357048777
0.699382333345
0.699565923749
0.713143379342
0.717179353917
0.675925897206
0.652349983036
0.564442588214
0.589379934382
0.601078503245
0.619729328629
0.693655294416
0.707984862293
0.706883887817
0.726986941293
0.719332608158
0.709826493766
0.727274475488
0.814914029955
0.791974805869
0.745145677574
0.73505327214
0.705411319952
0.62896053735
0.800728014716
0.766373756816
0.66950609121
0.672234212365
0.672815299709
0.672239173135
0.713740614479
0.792308972608
0.732039645577
0.677371750157
0.693550421894
0.675846343421
0.672700643053
0.674863876945
0.664484987474
0.588034113755
0.605885293071
0.596129861176
0.622251430716
0.700831636242
0.766969804441
0.70735670878
0.684985214001
0.673040393345
0.653513634511
0.647405361344
0.662393265759
0.648457678215
0.634130447443
0.638087211699
0.589667672941
0.614485529722
0.733666088774
0.76548050373
0.68831690485
0.664806044118
0.64806319763
0.647029082908
0.656615671478
0.70855864329
0.692803153647
0.703870744503
0.715626279724
0.677283495141
0.668868496557
0.738496262629
0.765957321852
0.685779017714
0.681395603752
0.668896191316
0.657997977437
0.698327839526
0.785347256476
0.786779059871
0.77464579901
0.762265591541
0.74952507309
0.741619061865
0.819201942156
0.837847058951
0.789664020259
0.731891762333
0.743183957973
0.756264234148
0.711678233573
0.670598819998
0.602205232246
0.555709569853
0.566239139269
0.573798487317
0.624419711276
0.772477600466
0.745943956817
0.658293403475
0.65958834911
0.636560425208
0.63512065581
0.732347037491
0.781207427686
0.717708247358
0.692582860643
0.694185780103
0.701077003834
0.696862702705
0.670905615839
0.640393284144
0.563206337816
0.599837780004
0.586299825031
0.619333228873
0.717240374424
0.718881924209
0.709879400838
0.730521030644
0.717382715002
0.703028708868
0.741645161702
0.810761004506
0.785300704479
0.749562628693
0.7249155021
0.658081905816
0.667992748992
0.797366550177
0.752329717085
0.65663760765
0.668514191765
0.670277219953
0.665810058633
0.730682548669
0.788837111482
0.69093186466
0.63932688625
0.656594169045
0.666077096188
0.669200930271
0.661027447362
0.642360979609
0.574082247746
0.592995022632
0.583518990001
0.597117722739
0.750427469887
0.786858763938
0.689948030659
0.663190336928
0.649011195466
0.640839556433
0.631142206613
0.663884904825
0.644182679735
0.59107011412
0.599672514613
0.588352824968
0.602715017492
0.774471278437
0.768470729284
0.67194895267
0.642305566855
0.614763486281
0.597018120014
0.635455148041
0.705098422126
0.700876589705
0.702322710351
0.689004535035
0.658012353751
0.636361323637
0.761772690007
0.756456577208
0.683358680038
0.687937594696
0.634134888298
0.541888494172
0.719503159403
0.788071205062
0.786013292875
0.772954409703
0.751326997547
0.741335735727
0.750102391023
0.821582502113
0.825185918549
0.746650591455
0.737090392409
0.74710451758
0.748699890487
0.703576344122
0.665269563226
0.581667706345
0.563236584028
0.593273876479
0.602078967629
0.649118620908
0.766583994719
0.732695012724
0.676865396026
0.680718773029
0.644604690095
0.622540328701
0.762663908075
0.780384789597
0.71382010533
0.697298683504
0.697521038864
0.707362253283
0.683035395421
0.660703849503
0.612501109654
0.576591137909
0.596340797766
0.604928898408
0.642766914818
0.700416166756
0.707446391876
0.705847956434
0.717795510535
0.716005225836
0.707683921747
0.755195260739
0.808221816077
0.765687860458
0.744097637494
0.726743634017
0.650626888851
0.716439854092
0.785922520088
0.734385356739
0.663482651594
0.673819398515
0.676161465062
0.675024255821
0.752638663745
0.791113764691
0.69172590171
0.679589516573
0.67398427183
0.671664107369
0.667413893994
0.665434858566
0.636891215239
0.571566897123
0.593404722938
0.592380258982
0.593880229291
0.77491307425
0.769625741785
0.672793932803
0.692400455816
0.667656763558
0.64878396356
0.651083227841
0.663040567304
0.6259125641
0.612525953901
0.622519058701
0.612771214781
0.610020073961
0.779355774332
0.762231332398
0.677042262772
0.680706729015
0.655198797408
0.649378789618
0.693844881011
0.718130833028
0.707621067747
0.69614839336
0.690098206017
0.677977801238
0.666288582165
0.761053949573
0.739929088488
0.692958023824
0.686171763834
0.665137567476
0.649917164147
0.740277819607
0.789823672654
0.778304852186
0.769235676349
0.756548232194
0.738241264422
0.761248932795
0.824148935469
0.818824602582
0.741273853241
0.732584401406
0.74135269432
0.747286548272
0.696021542182
0.666100678127
0.613411745729
0.621411390035
0.629084715669
0.627031027315
0.690526374977
0.765594643717
0.702644501313
0.678033320347
0.670407386281
0.666783663724
0.656682362227
0.745418591838
0.747504084252
0.672362974928
0.667172168615
0.659381275604
0.640747526418
0.659403699327
0.66917552829
0.610117443123
0.612499158005
0.61883669625
0.61328497776
0.659081280469
0.697672090492
0.705246977603
0.694089711839
0.68624480402
0.69026156469
0.677133992481
0.732506601197
0.765917914307
0.6709542286
0.651707540935
0.660668623674
0.658748291756
0.671511528753
0.763801036292
0.715954066531
0.668759121852
0.671095186093
0.65779913633
0.647207735228
0.734016625132
0.75511204038
0.680956969647
0.673801613194
0.664746938362
0.660903226831
0.651123051157
0.652070862394
0.61610306028
0.59131276693
0.599555962317
0.578744903329
0.585691958323
0.774300836095
0.774751283129
0.674153947153
0.628884836466
0.563456713291
0.560640954304
0.633565806514
0.662306534465
0.602989130973
0.577609427868
0.595125855173
0.58564056832
0.670500398749
0.78164216088
0.725263107482
0.627612778357
0.631608940852
0.67377426055
0.700285671364
0.731205558007
0.722316798664
0.704723361686
0.713045335342
0.698826346543
0.66365768894
0.666485119693
0.787221063793
0.729288780454
0.6717243619
0.678419145892
0.616698319887
0.544308680195
0.760270014759
0.777735158103
0.751907965281
0.729448230285
0.689683628461
0.65494200909
0.692185352942
0.777621908847
0.726583509596
0.703279235141
0.669443025689
0.6438696637
0.627794558849
0.657123476957
0.658633716154
0.5824121694
0.610941452
0.609875981798
0.61433380023
0.697478956285
0.752861834758
0.682446283261
0.66027169034
0.651049735193
0.636593329418
0.650072199638
0.779597424866
0.728924823418
0.670388909649
0.666851859077
0.663154878525
0.661602441919
0.668232212293
0.666142052576
0.620306676217
0.635682338295
0.627216668219
0.600676213377
0.668239197575
0.717517963809
0.716521138479
0.706296605175
0.711719417607
0.693885791873
0.681967789068
0.747940804737
0.755546181229
0.671251524216
0.652126801797
0.663540403188
0.661782536937
0.688112444271
0.76288470048
0.690604023701
0.660191135712
0.657481710091
0.649250556383
0.65312187185
0.758166330579
0.750416935603
0.668640662085
0.667309746861
0.66453906029
0.670685703405
0.66569557182
0.656089756952
0.60205459966
0.583109283744
0.593959809547
0.576139187684
0.620775536577
0.792695375972
0.755218096675
0.645392907931
0.611741396935
0.536803955012
0.545067074834
0.638796155776
0.65642572173
0.581856203679
0.568059437763
0.588177495828
0.593168086194
0.716377092587
0.778346132254
0.706582677442
0.622679368191
0.637256727075
0.674464077597
0.692564052107
0.729182842454
0.710791298043
0.701123697363
0.71698722376
0.691689507399
0.657348026152
0.699828013979
0.784680177127
0.720330269396
0.69836115226
0.688367579809
0.619278718781
0.564859723023
0.762093983293
0.776417521899
0.751252825863
0.726228219122
0.685561082292
0.647698575734
0.729555592682
0.783003492347
0.704589115205
0.689486854367
0.654431176786
0.628909136351
0.639041751461
0.662996069447
0.64829289858
0.612676814249
0.616956962873
0.612431051374
0.623433293866
0.723352898632
0.751293550501
0.663760620934
0.655485924701
0.649762553042
0.642915191222
0.664738479819
0.76456840796
0.718877644941
0.675380459508
0.665378521388
0.670058932323
0.663749380635
0.669959228557
0.66583720262
0.594467659695
0.624494654812
0.619255343537
0.637046764981
0.687707987527
0.712165874161
0.701822108495
0.695737089715
0.688010577233
0.684453127513
0.679808217549
0.755879946985
0.741626309699
0.652620469818
0.653485572809
0.657680063969
0.665425948627
0.709102608211
0.765454249946
0.685446042017
0.671779787618
0.67565649276
0.666481271861
0.673163863497
0.758142378043
0.727948387525
0.671187641474
0.66620584991
0.664729388215
0.662835865942
0.660761232031
0.648136580324
0.588402853584
0.582704001351
0.586729908893
0.582336094588
0.665007355676
0.792786470562
0.745439560788
0.654889548408
0.607732880943
0.563710870725
0.570123489864
0.649258466929
0.660740267548
0.566000019445
0.589515088609
0.590423152442
0.594441874453
0.751219652874
0.778311617133
0.685963930041
0.622783330148
0.635880856303
0.681843091892
0.698937548194
0.718259328755
0.710115405377
0.707162625852
0.712566194595
0.69407816017
0.650523693839
0.725296787037
0.784989287474
0.693254427487
0.684112618161
0.66664159849
0.584164018821
0.606510770724
0.774231725888
0.772325062659
0.743565613533
0.716379835486
0.675023572441
0.645066135422
0.750235987131
0.777195690887
0.703770304151
0.695932475069
0.655891290385
0.640639742159
0.634698335552
0.663143449659
0.628343779932
0.602146076034
0.612387052779
0.611431613521
0.634986158211
0.730933731213
0.741753367088
0.666307790518
0.655701469817
0.650473472857
0.642659629275
0.699329847907
0.773081395994
0.688522277013
0.638731393589
0.642843424755
0.651834556205
0.650621192677
0.665879463333
0.654404235239
0.608435803575
0.631497006716
0.618837815437
0.6179981801
0.705286243077
0.725789924114
0.704006993938
0.708826596929
0.694196227858
0.677510408751
0.673638681658
0.755044923746
0.726211209969
0.662880241271
0.652079692389
0.655674573201
0.6571943069
0.731170547669
0.760820148696
0.686324749442
0.664196201715
0.654319754009
0.655570158822
0.679366346367
0.7665004099
0.716814578834
0.66154998596
0.661391371642
0.661203025862
0.660158925228
0.663625655533
0.652029639108
0.574893047387
0.59837633123
0.585766032136
0.573121576972
0.758290429911
0.81457049153
0.74815953669
0.674533758418
0.691286407861
0.693447218931
0.690929632955
0.675240018078
0.659496827518
0.586025288987
0.603594859693
0.604079844127
0.617364629657
0.778084951332
0.814761363172
0.762193606012
0.719760426627
0.712392473258
0.717585882306
0.72540568348
0.722208608099
0.711547361148
0.72600945837
0.737423050211
0.731670731123
0.719587926081
0.81347226252
0.838036153262
0.785955479118
0.734279318045
0.729407233936
0.731486999582
0.78352417679
0.803611101315
0.79568725976
0.783298131955
0.763216898368
0.748976539645
0.742022477638
0.816846366374
0.823407595705
0.762941792844
0.743059766039
0.739170798455
0.734437920861
0.698113569854
0.663872159864
0.621408376449
0.584838999301
0.62145976737
0.616088258703
0.630984649936
0.776017534199
0.733404125566
0.651694906344
0.640813789654
0.638133998119
0.644194674711
0.712770752905
0.75860876608
0.682721024775
0.661750075454
0.654676198224
0.654493515796
0.665845458218
0.67434153619
0.653201853579
0.611459426901
0.635861742379
0.616862129167
0.639363398509
0.705718044419
0.715016575454
0.70357577452
0.707902682106
0.693160017684
0.675605372498
0.684413495934
0.761417224841
0.697391380653
0.644483531911
0.655357504978
0.641895586012
0.630926861725
0.724293202313
0.728852936239
0.660801455783
0.670894802123
0.659715261731
0.643983564203
0.690775902713
0.755821522374
0.689203333143
0.664023540069
0.667190805779
0.655019002648
0.63951000899
0.65431229772
0.639581609978
0.58987132366
0.598050065535
0.590197969585
0.57972891789
0.737776107631
0.798315284896
0.720672660919
0.647628661229
0.584671034851
0.536955821272
0.58781648713
0.653656342569
0.641892378565
0.554862324958
0.594444891747
0.587852424788
0.607707488402
0.782710328474
0.767703691232
0.649417349268
0.632925705016
0.651648155069
0.690243272018
0.729727351175
0.72953608709
0.701557809084
0.710771315932
0.706639937964
0.68508901184
0.637185391901
0.767925174154
0.773334912685
0.670280685447
0.683433127403
0.642475902311
0.56123365088
0.709368842794
0.780432639767
0.763411868978
0.744583483048
0.707134970618
0.666752815835
0.649448734202
0.768423499103
0.757524206728
0.701534049573
0.691910425194
0.653042657174
0.633914496803
0.649702174262
0.662417690802
0.612522034045
0.615084557015
0.614074627615
0.620625964857
0.666586281158
0.753343402119
0.725111233964
0.691373009785
0.683900527949
0.681798124692
0.677582128695
0.738021563882
0.751578196748
0.685294126942
0.684883592103
0.674468620117
0.669412867267
0.671466197799
0.672865682638
0.648806250223
0.630704136629
0.641512176748
0.636619710099
0.652280684479
0.713307743503
0.717170864342
0.702600220652
0.719385051012
0.712109522627
0.696406170893
0.69817314751
0.743899250079
0.68715351063
0.667828636974
0.679636971026
0.683922241773
0.691710560197
0.757489970723
0.738313105354
0.687214354584
0.684764052021
0.6822674826
0.679965498237
0.723941345029
0.759356310396
0.701615386492
0.679243117457
0.673492709
0.673979924965
0.667532823085
0.674719436687
0.650706525741
0.602643931722
0.610934558425
0.608598414871
0.607353866671
0.773401195131
0.793504843622
0.710370577375
0.664777977043
0.57696992298
0.553330349593
0.617000535186
0.665632920772
0.6269319074
0.564741463142
0.583494619374
0.584860616466
0.628355672289
0.779503485335
0.750510096624
0.636588520308
0.636556146806
0.664457172584
0.693579199356
0.733404658853
0.722943798651
0.695662808916
0.705045205496
0.703026903741
0.666169005922
0.649037894897
0.771171138589
0.756175415776
0.693578170484
0.704060885252
0.646737977193
0.569428098067
0.723317266775
0.778220518325
0.760221359265
0.735281701519
0.704067542352
0.658857161121
0.669649825128
0.783937156848
0.745261086894
0.694551459406
0.67692733881
0.637309077277
0.625264250586
0.652554775919
0.658633575122
0.627326223901
0.620823764569
0.63537622599
0.632738977036
0.683979594714
0.76909913858
0.707734892078
0.672485465557
0.658822742673
0.647003067443
0.651219873776
0.730810277693
0.740230637487
0.680281842565
0.673929496792
0.661535942543
0.640850229794
0.656710129725
0.672326584322
0.610890165215
0.606688520773
0.614432470262
0.616937854464
0.653487497825
0.718979683117
0.710925360884
0.688317111292
0.686518461701
0.692141929821
0.679530119774
0.710141389524
0.751005626863
0.661835084826
0.641837153777
0.659367032232
0.666076766141
0.670946740481
0.759429193003
0.721309862073
0.659744160437
0.667890440375
0.658038601628
0.657872751069
0.739686473096
0.761261331911
0.683062905222
0.670490784276
0.662444010332
0.664028295082
0.666012410946
0.659662602558
0.618018665631
0.579992739056
0.588778308427
0.5895259812
0.59669517329
0.776287024703
0.779295527462
0.674450035453
0.623927717095
0.559064510339
0.560428355214
0.627209211605
0.662998436585
0.605237006546
0.567954380616
0.584274921853
0.584474722312
0.649091500372
0.773640727836
0.726409869477
0.619563121767
0.622017990054
0.640840169156
0.670915386908
0.716547048612
0.707609252601
0.697404741944
0.708672350297
0.700085268562
0.663384752344
0.654383022351
0.785769135413
0.736753897753
0.664304066453
0.675400057513
0.613065111483
0.544996067049
0.757171592943
0.778111520302
0.755770521938
0.734420054621
0.69450560758
0.6498236191
0.671049538809
0.771394010489
0.719529006543
0.690334531251
0.669657591471
0.63907288586
0.628329166708
0.657048675184
0.661206564577
0.617067617396
0.626281146747
0.641490172434
0.639604493268
0.707247657925
0.763683002012
0.682075625485
0.665205279667
0.657847162777
0.661421896571
0.662280832188
0.751866651388
0.734590840484
0.65810017112
0.659164092588
0.662735895681
0.664997973464
0.669081027889
0.677597386119
0.605419213946
0.598413331145
0.614747897864
0.614579667638
0.682287106009
0.71196974272
0.703131481283
0.689867940335
0.686940496026
0.691046686474
0.680734682552
0.738283273247
0.760062017976
0.655907623252
0.631765075352
0.641918486276
0.641104578765
0.681162028659
0.766696027998
0.710169179814
0.664612111882
0.664150416625
0.64567165135
0.653345346338
0.747617673506
0.750593358294
0.680873214088
0.670452983611
0.658797834211
0.654264466689
0.66173273938
0.655962864621
0.613291222004
0.594007296319
0.601451396923
0.590858438041
0.647477208074
0.802023826871
0.772714082948
0.681108684681
0.667014831932
0.658270763479
0.657800752803
0.67627472286
0.666068602804
0.593254092582
0.597067947221
0.609346083592
0.606980718421
0.697429728147
0.807688398662
0.772965883478
0.700094678954
0.702905474052
0.718484038339
0.717798788178
0.727228094571
0.711251819749
0.713326094431
0.738085030453
0.731988240266
0.716179637327
0.757934539938
0.830208489683
0.802700544785
0.723725535925
0.699101344675
0.697591925444
0.723473955213
0.800647121738
0.801535716722
0.786834632075
0.768460149682
0.744562595685
0.732882310897
0.787447131189
0.825102497617
0.783406948569
0.736448004832
0.735996224017
0.734347153808
0.721690456976
0.670225334856
0.654242724652
0.575891906524
0.583240821046
0.560726350607
0.569351053103
0.728617856924
0.764626174307
0.689511420222
0.658177660052
0.648875977172
0.633274539683
0.661424021015
0.784424227086
0.752657061303
0.683045176026
0.678849482265
0.676221107692
0.685908558369
0.670440691555
0.650102076506
0.571252026198
0.588918025885
0.602675039994
0.623528148662
0.689012193391
0.716039125736
0.706782027298
0.71585478303
0.719092375814
0.712637886164
0.712178162257
0.798129156067
0.804902933467
0.754667992313
0.745625053828
0.715725059638
0.625177585456
0.796093530174
0.773980431521
0.683158181514
0.655094742269
0.671853147289
0.671746643712
0.681613472833
0.786341264765
0.761952448269
0.636518392691
0.654816584544
0.665327305369
0.674856019909
0.673713735994
0.661386119765
0.592314381751
0.597163498605
0.600706567995
0.580269420769
0.661623272564
0.776744599838
0.728513709976
0.667228730198
0.653902312565
0.630766314495
0.630586882651
0.652695492844
0.65115049714
0.582326990035
0.621890939143
0.589558281644
0.57373757151
0.685649953177
0.774257782345
0.714516293825
0.660923602775
0.616519173411
0.601627121924
0.597503914982
0.702101893773
0.711536619694
0.709693679147
0.70848820825
0.673346723912
0.641285805872
0.719294599356
0.781729911812
0.712662935357
0.688744256894
0.66375834868
0.580465567439
0.593123979967
0.779669240552
0.795727510353
0.784066175907
0.76773162902
0.751452295312
0.749520329032
0.813312463498
0.843309620784
0.840067785358
0.736176603662
0.739736107975
0.753150063002
0.739845665466
0.676344590093
0.636377103632
0.56950690058
0.57803005931
0.549520313408
0.565138891017
0.76731634729
0.767697248982
0.679866767514
0.684877262457
0.663245249404
0.645031138919
0.685275397341
0.782931846643
0.757053947973
0.707711760727
0.710274149999
0.693567026426
0.6828275038
0.674979813058
0.657268266383
0.564734445716
0.595408531811
0.601791016035
0.622263603174
0.690997329658
0.705473886012
0.705650548282
0.724463423144
0.726849582105
0.718349212205
0.714596001635
0.810194960745
0.794945309806
0.755386467151
0.742796534613
0.710098585398
0.633854073982
0.798594332066
0.767700272683
0.683583210339
0.667333785225
0.678432071578
0.671704342655
0.699291686419
0.788283922557
0.741129437223
0.68124448877
0.68739341637
0.671875736532
0.675527240036
0.675228458072
0.661466304539
0.588220339252
0.604168203121
0.580844400128
0.597220849077
0.692578480344
0.768268930822
0.718647761256
0.676492364124
0.675220997444
0.650650537146
0.640908857887
0.665887229611
0.653012311304
0.609671383578
0.658289453892
0.613200477828
0.589177985063
0.724828521369
0.77074271103
0.699710567771
0.681194364131
0.645195854712
0.646159874801
0.657002250499
0.712118355801
0.711744028972
0.70473073789
0.711813069178
0.693310569507
0.669641487501
0.740051564873
0.770107008783
0.685624011993
0.68334045372
0.678556350657
0.661457254643
0.676151053906
0.776165151044
0.786480627105
0.784013231225
0.762260900794
0.748951582958
0.740042590848
0.807957100382
0.833848034681
0.798196282214
0.742436088037
0.742249892304
0.752485427667
0.726567950976
0.669613522783
0.602592287038
0.522235852757
0.570953347645
0.58072738347
0.589728290018
0.786463847532
0.749736667206
0.65509405357
0.658891043423
0.634463195901
0.63773841825
0.70321202867
0.788048350943
0.725217557468
0.689865450453
0.682954058138
0.687051660376
0.691005364786
0.665420722853
0.642189587207
0.566532241401
0.59723933424
0.59725674093
0.614913563536
0.705541193245
0.714840497806
0.706248587869
0.723528931145
0.730590867392
0.721400145544
0.732167475222
0.809847429664
0.790515615014
0.749879693445
0.745687088022
0.718651613643
0.651631665156
0.807120371974
0.756008703953
0.665799006845
0.673777881366
0.684584370612
0.677086306669
0.717752971279
0.791550315251
0.713482970787
0.642207278541
0.665372294115
0.672472623304
0.67573893803
0.667597344074
0.654145784862
0.572333857001
0.566769617518
0.594167846485
0.60408733907
0.744223424906
0.781817928316
0.690575800802
0.668981674814
0.654202254568
0.638473620365
0.637161739538
0.658003150761
0.643359236355
0.590341204993
0.618942025196
0.605394543908
0.616333517439
0.757334953463
0.780702007085
0.687773162537
0.651119307348
0.619461541333
0.605985201057
0.636011561033
0.713961704401
0.687654398668
0.699206967045
0.691289906008
0.665315264602
0.63253717648
0.753316582959
0.773768433412
0.693361832846
0.693741084001
0.644761858005
0.555656137771
0.676868661871
0.785149394264
0.788960928307
0.774711692727
0.760813794739
0.754321519672
0.757261380527
0.828785042901
0.847659125302
0.836497535581
0.748165604883
0.76011244523
0.763920181064
0.711943628694
0.669575935926
0.594769681818
0.566964643863
0.571331583454
0.574585013387
0.645710228043
0.766662780779
0.735557908831
0.688850494367
0.695820114797
0.654742326854
0.640602954135
0.753237818195
0.788419378837
0.718440134974
0.693790413272
0.695548517667
0.7047170538
0.693757726657
0.664748793698
0.636469684165
0.570846926686
0.604455024557
0.601836204105
0.63154017132
0.711669847876
0.710909341511
0.704988005637
0.724507769548
0.726941203629
0.716456504687
0.751093587941
0.812455529751
0.772804177287
0.741571085219
0.74169969757
0.71169015751
0.750993032435
0.79518075236
0.749856695466
0.657278268619
0.676297715404
0.681250892963
0.676494888267
0.736593492228
0.789839399582
0.706909167556
0.680443951281
0.67729287446
0.675564169352
0.676568616302
0.66833821844
0.633534540347
0.572475507409
0.591711443245
0.600099608338
0.603068292314
0.742427577952
0.771518203396
0.677412345592
0.684323110716
0.670121481693
0.650515552214
0.658641187146
0.659603822997
0.636635621823
0.613360689262
0.616638294025
0.612310873088
0.621286414654
0.758904003719
0.769749329431
0.696366721045
0.671025717551
0.654183775013
0.631488709525
0.6903300191
0.724982043408
0.715273726216
0.715528747233
0.706809145842
0.674428415592
0.666084253312
0.771035669281
0.754615513936
0.681942421304
0.678680538725
0.671986619706
0.660912336376
0.731455658233
0.790573635301
0.787076420515
0.777560277676
0.757496040223
0.751320754599
0.76143304177
0.826544539339
0.838936899451
0.785761138944
0.759950842646
0.753385523391
0.757879045777
0.707445716035
0.661747714707
0.566562830203
0.596925252724
0.581547864713
0.593197274898
0.66912072021
0.779451808139
0.723745324154
0.650357985901
0.655197058149
0.63369632525
0.633317701931
0.761552688118
0.779086011963
0.705834488596
0.703693748025
0.710955596381
0.709278117711
0.693111370274
0.66366039567
0.621696637154
0.576620455731
0.596458084404
0.602997517198
0.647521229656
0.715382980358
0.717237603267
0.71623083884
0.728433268602
0.723606710083
0.715319904317
0.765279118724
0.813324431009
0.771519211187
0.760901843658
0.741471036515
0.685432573505
0.803222131467
0.792380459837
0.728733934911
0.653929989739
0.663931646263
0.666285308072
0.673099023667
0.749560182001
0.78235843998
0.660411703685
0.636957328163
0.659668114462
0.673544743435
0.675661689079
0.666619527977
0.633644105308
0.539940411659
0.557906339098
0.543737961179
0.562870045312
0.771006487743
0.76813277168
0.675322476163
0.655013118825
0.63228653684
0.626110475583
0.644866273994
0.658569072184
0.631880707762
0.610137036823
0.58994293281
0.570353756897
0.610185857976
0.775724334686
0.760265303031
0.663414726457
0.651233038762
0.628783058779
0.638076747311
0.677605644135
0.71063027137
0.696791675188
0.708063099138
0.697547995695
0.675325615608
0.673609564649
0.774086341387
0.752367859434
0.695962572136
0.684994743644
0.604074913868
0.516384787863
0.74907449885
0.792550729426
0.787331995512
0.77698190467
0.750991727307
0.744054438614
0.777671211182
0.839050243899
0.84724723427
0.799658390692
0.751580993418
0.756785867337
0.761564389973
0.689829211913
0.653669688559
0.572792831777
0.592122732064
0.592265823966
0.572300207616
0.707882524546
0.780684436911
0.714913181048
0.680794207518
0.660593027581
0.639468011362
0.627240138137
0.76877239466
0.776085244271
0.714705472932
0.709251322086
0.699076713123
0.698856220722
0.685356727078
0.669288831744
0.591129109844
0.57868327752
0.593059438059
0.59374328146
0.661339822901
0.710748898583
0.71199354208
0.7159078613
0.730499607558
0.728804212412
0.711306685406
0.787895463803
0.810374720093
0.76768655399
0.74948471788
0.726952312307
0.678162870278
0.8148998186
0.792338669471
0.717507354794
0.673385762046
0.673755578769
0.672154542999
0.681669618716
0.770757479492
0.783837697907
0.687627776817
0.69330606584
0.687375174669
0.684097598089
0.670045786847
0.666064161846
0.61298758036
0.596744227878
0.61402094795
0.585705868966
0.623619529953
0.76969735684
0.74675638124
0.680193406587
0.681151646967
0.659521272291
0.659799092816
0.662372001999
0.664146975362
0.604044737259
0.632187931601
0.63683374605
0.599616659582
0.651586215472
0.777212809219
0.729389665762
0.680151363973
0.663315918751
0.640730103762
0.634094332144
0.695859726328
0.700147969525
0.704377985411
0.709580482601
0.695810357204
0.67838049783
0.69282348173
0.772888217129
0.727319397246
0.689405848145
0.672328585341
0.642324291815
0.649791514433
0.76405343636
0.790938819361
0.781921089876
0.769781338613
0.751980441914
0.746566391298
0.781745458354
0.82881165315
0.821513639599
0.750000117638
0.741751081142
0.743513819834
0.744180963809
0.685340162352
0.649597716249
0.557230805025
0.580396593906
0.581751921854
0.584422853547
0.761485855903
0.781829837952
0.69507639694
0.651717497732
0.637587330803
0.623419495303
0.66651762049
0.778678730753
0.762453129856
0.685888120128
0.682929297142
0.679963906594
0.681804023815
0.672043058695
0.655700427219
0.592535307969
0.593803868835
0.601292020942
0.603758642632
0.681158780402
0.71661736354
0.707352532851
0.724402593856
0.726666033287
0.712812363599
0.700456310105
0.791886608592
0.80525093624
0.757946106486
0.741910498472
0.706096405001
0.627041398324
0.79443563742
0.78246176458
0.694718654817
0.659710873495
0.672516469937
0.667295089895
0.673194869537
0.771409012492
0.76252279024
0.62815417093
0.658359437392
0.670134623344
0.680725137146
0.662270507184
0.659179227107
0.596418840253
0.571330237039
0.607467780127
0.608553943082
0.658961706155
0.766580369196
0.72252296132
0.656382319245
0.652749906457
0.631661837758
0.628688211628
0.650602952988
0.660543969505
0.599708297844
0.630162641316
0.607591205172
0.586848065548
0.673333109526
0.774172081795
0.710052886879
0.656522045292
0.626446416235
0.608600215104
0.609910173215
0.699307581776
0.704274026913
0.694692827975
0.702826440007
0.686464504905
0.650387235505
0.691864820527
0.768917716252
0.694845581248
0.683881080883
0.657279354529
0.566088284451
0.553650993045
0.771016914227
0.791699775277
0.781065687366
0.760745344332
0.749807013558
0.745317071086
0.792883811722
0.830542776998
0.803206049776
0.705324057331
0.741539715678
0.743327143227
0.737683833942
0.674473677675
0.619920634242
0.560114823818
0.586939324038
0.554678166647
0.584296518203
0.776640730816
0.7739354879
0.670955459789
0.676092692463
0.664411155975
0.624105959857
0.665098269075
0.778326429979
0.750575994042
0.694593226562
0.690646258925
0.688941308239
0.696360720991
0.676115690057
0.660261141899
0.578035471893
0.58959071445
0.592967099397
0.614307333693
0.694705501253
0.721930904111
0.705703015219
0.72049566338
0.720969727581
0.709606252817
0.709465785857
0.798533889399
0.794032748489
0.743287556439
0.738233297302
0.694811888154
0.628690857696
0.785719315654
0.771243377799
0.684103726195
0.672370873916
0.677325372649
0.667369112518
0.687425223173
0.784340322548
0.750668079247
0.670333960787
0.68448195679
0.674048812251
0.666907421927
0.665494003819
0.665097567825
0.609620723047
0.599703108893
0.578405333146
0.603857222288
0.669512253812
0.76847182497
0.710454819486
0.672663905181
0.677607210903
0.661529542909
0.643158587817
0.669049564521
0.666991200312
0.614831462308
0.637083080121
0.588305431171
0.593726581379
0.702421191685
0.772607453349
0.704122572261
0.676566389531
0.664846734238
0.658058538416
0.663747939519
0.703670009592
0.688747482969
0.691096777172
0.725812269589
0.690722778175
0.681169780205
0.723524848818
0.771061302744
0.711585876199
0.700564252276
0.676637029301
0.652719285514
0.662042137199
0.771599887182
0.787594711503
0.778926021167
0.769770020799
0.761678957697
0.74577823741
0.804882863847
0.828882159916
0.786630149557
0.731304240811
0.73633726657
0.741619815592
0.736421706767
0.692918699005
0.601133152615
0.599750076388
0.595395862242
0.589769342706
0.592035872606
0.590069770045
0.59183567143
0.587933180633
0.587549067943
0.580025836354
0.598910916768
0.644854837099
0.680788966841
0.673438576005
0.68102323344
0.687349118285
0.679083232852
0.67148661602
0.666377068626
0.669143085717
0.675560040963
0.678665835039
0.671852307789
0.676470143442
0.668568170426
0.614443720339
0.5670933066
0.581740998546
0.5697551079
0.589870193308
0.595744122207
0.565248481255
0.591488436711
0.602080680592
0.587729260022
0.60621901012
0.575046515508
0.637650741816
0.665355265419
0.682145097737
0.665562287059
0.679401831276
0.682500849692
0.672045695661
0.679072081884
0.669249893131
0.67326486512
0.673493776725
0.675941933494
0.684385140694
0.662288937881
0.580768580757
0.595130428365
0.578759863211
0.61084262827
0.601837262305
0.620702240947
0.605337960067
0.614155389447
0.604733462944
0.594561582929
0.604325760304
0.580034693987
0.647447489819
0.675193624317
0.683339007295
0.68176363578
0.689192022271
0.68709156974
0.693276620913
0.68430522732
0.688509672959
0.689248165948
0.687580632227
0.686199393259
0.683601427879
0.672364165139
0.600911042777
0.615381914216
0.595940919347
0.602947239996
0.598619050006
0.618424727069
0.622981548757
0.603410909399
0.620233896215
0.612402530884
0.59779464462
0.627224780964
0.675638505321
0.693948917645
0.689560658195
0.688238210026
0.689925302055
0.687005782292
0.695789377895
0.688889189168
0.68017127824
0.695180824459
0.682690422569
0.68294666926
0.688255582161
0.657265322517
0.624867419716
0.62264887815
0.639869421708
0.634034841813
0.642774419195
0.633871335081
0.646407951144
0.639393256854
0.630409353973
0.637946576208
0.62760972918
0.674183495064
0.683695439794
0.682460956239
0.694078534162
0.697160403716
0.692762451397
0.686447993553
0.684864879262
0.695106771046
0.691101638006
0.690452859828
0.685432082623
0.686680334301
0.672939177563
0.635456911236
0.633153000945
0.632486729346
0.602970217833
0.63811879625
0.640263861902
0.634815469087
0.637964625918
0.639571436307
0.645210498939
0.646184365234
0.642922812534
0.692976681962
0.687627949117
0.68731176612
0.668552596197
0.686803918172
0.69620194542
0.673779987472
0.684020589797
0.700749164702
0.691466813647
0.688885941947
0.687140890777
0.692519946503
0.69153426786
0.682240410448
0.675111054
0.683101305549
0.669438069659
0.676102997689
0.681901745337
0.673395773847
0.677843901881
0.676644718122
0.681057760984
0.683954065473
0.681080391106
0.697583813344
0.699000963806
0.701321063204
0.696005723285
0.703156474093
0.702578097529
0.702223785315
0.697665393917
0.703890468173
0.703503929607
0.703761955802
0.705220552708
0.709611074158
0.698052901741
0.687103041338
0.688138971846
0.692337646251
0.682567704853
0.68871543408
0.691505797218
0.684267548534
0.682807693356
0.686498675664
0.678644268687
0.686693255355
0.697087920854
0.698786431775
0.707407138222
0.703548247288
0.696557804358
0.716870133029
0.716153543912
0.721670390561
0.718774823022
0.71676239824
0.711179311069
0.716643852271
0.718280853141
0.709372723849
0.646761184856
0.584136698927
0.598527922312
0.608220745883
0.601086817953
0.582938368346
0.594391727846
0.613662907001
0.599287329834
0.601600994702
0.590357635628
0.601911519245
0.65221374473
0.686238669585
0.688522558043
0.682638216052
0.689608051486
0.675624794143
0.685938139601
0.683575862163
0.677926701233
0.690222647472
0.68961633735
0.690249423422
0.679224903119
0.663114042599
0.589481720685
0.587534480412
0.604698125721
0.606711469993
0.606994992521
0.587340735718
0.606953556713
0.608275650482
0.610323864985
0.611480082672
0.594185042455
0.580976175339
0.661718629942
0.668149532888
0.68768368779
0.684653786955
0.689191790872
0.68337730266
0.682982016685
0.686496429088
0.689718120823
0.686897402678
0.682001269614
0.681391570408
0.680525952303
0.649978797901
0.590474196094
0.600087763009
0.60354317321
0.618272023552
0.59872090245
0.607627078869
0.607056700146
0.595704013549
0.606000622701
0.602947790878
0.614077504638
0.638494493402
0.661665754647
0.675647736061
0.667987718795
0.685834346302
0.693470234677
0.68880275529
0.687656160197
0.694973565817
0.688482206413
0.684524826438
0.682739049331
0.68845566821
0.682716831413
0.643929115806
0.603734995192
0.592654278391
0.589657907946
0.59887517336
0.613665036102
0.605018224104
0.623320101351
0.611580146572
0.613201090847
0.608053851667
0.595383434612
0.663667457588
0.674855235657
0.681357372695
0.671191192278
0.672441207216
0.683476172725
0.682887075257
0.687777221567
0.679135937123
0.689750412432
0.696288335351
0.680568002543
0.689910455147
0.679902675798
0.619730223232
0.636645291086
0.619405446988
0.634746943253
0.639021758831
0.648686952672
0.632952142255
0.648448666045
0.643198554409
0.6295041646
0.639128078793
0.626119802094
0.684525058312
0.671181220936
0.660554050172
0.678793622505
0.68808796154
0.692732231918
0.700369217599
0.694683111152
0.693032789436
0.696079545228
0.67523837702
0.679253382248
0.682614415741
0.670538662498
0.633758237086
0.636555044323
0.634126478389
0.634480814115
0.632116280442
0.6370217512
0.645719342584
0.644172749152
0.639960151321
0.647661322575
0.638915406619
0.659852438884
0.695901295501
0.683528111766
0.691662592112
0.68322556455
0.695842008169
0.699798870011
0.690568365954
0.674474683873
0.680012423054
0.675620540461
0.688152698426
0.688793811312
0.68877820638
0.678228785138
0.671543300151
0.677897878506
0.672729202091
0.657559718662
0.656872845145
0.688806964216
0.676496067436
0.68176596256
0.677938635329
0.679951867698
0.683280178195
0.685919989835
0.691257070992
0.696953619649
0.695379015678
0.682169113547
0.702432480083
0.687907164049
0.685018723109
0.680200085885
0.695516224801
0.692907361684
0.708386431275
0.714304075269
0.707921552402
0.689824223948
0.670058415163
0.684619248401
0.689989725769
0.693805813001
0.693458939155
0.692134724612
0.688268668047
0.686588677966
0.686124546667
0.68227989984
0.681518546691
0.69064359813
0.70597143916
0.71344774287
0.712225760203
0.717196787539
0.713606347734
0.714728198446
0.712668523984
0.713308743834
0.721517770681
0.714973070475
0.707232139003
0.709188051678
0.677005102423
0.652979205782
0.563192195501
0.59012161167
0.585421798181
0.59688170821
0.729708575284
0.783255835362
0.701128769206
0.655605351858
0.644755790198
0.62917584098
0.649464606849
0.777956284108
0.769489165488
0.698792113328
0.702308192236
0.702800511991
0.688050808431
0.678921489919
0.661955448368
0.575871408981
0.573432970098
0.615540964774
0.639000202846
0.696803380419
0.72141534619
0.705396748224
0.718104111767
0.728247563986
0.716348172235
0.70458340156
0.797361950713
0.812020720125
0.760533150102
0.728900394501
0.692151642671
0.707828319671
0.759607800815
0.780568905534
0.697257242369
0.64809985846
0.666780113735
0.669685909072
0.673359649772
0.77051201592
0.759697975145
0.664611587973
0.668188223076
0.675293617111
0.670850952245
0.675441719936
0.668541905079
0.589298079533
0.565571184636
0.575766749813
0.579865176896
0.642455877514
0.784877486044
0.739146940176
0.655702567389
0.659782660039
0.652723346739
0.643393850298
0.65608691893
0.665515560571
0.595713887009
0.609724623785
0.604888216589
0.601801903771
0.687621268415
0.784933384758
0.724541860189
0.653517292856
0.650297351419
0.659830416597
0.671195003987
0.701356261858
0.703862372652
0.704896316339
0.707580785797
0.686277727772
0.669744606762
0.698713225473
0.784062620429
0.725739123304
0.698261389683
0.671189759789
0.633200467877
0.63638943672
0.770053922148
0.793724671787
0.780184656214
0.765985134882
0.750359140602
0.759575178835
0.792553061051
0.819505549152
0.762085926936
0.693119979997
0.701736744551
0.734645693267
0.747840029487
0.683623037089
0.647297810246
0.567772560883
0.590462288864
0.603749417549
0.603817503083
0.729245566667
0.768453050849
0.67872796773
0.676123947852
0.664886250564
0.63922067507
0.687981970017
0.78950123899
0.751601370079
0.690944472733
0.693602531557
0.693257901312
0.700552101413
0.676622884359
0.659454255558
0.566361452145
0.587880596043
0.621539371652
0.64632908104
0.709698073389
0.723171789955
0.706984203193
0.720226735295
0.71676531691
0.704026610259
0.693254930129
0.792828222682
0.796662023513
0.756876824002
0.727386928656
0.688469863507
0.693324734842
0.765027444987
0.77385567866
0.693775566863
0.671272694359
0.672319341653
0.679440868712
0.686654243359
0.779106475258
0.746787019179
0.682744668723
0.684741373973
0.672507778764
0.662811388819
0.665303284238
0.663967989353
0.582471761661
0.577377965778
0.609963344505
0.598015422651
0.690170090569
0.790563956377
0.726981952525
0.690367221112
0.68585558065
0.656658047823
0.652445413976
0.661705217992
0.649015141796
0.591814492124
0.630715217728
0.632207938957
0.609079107729
0.70985725765
0.783217178905
0.698139472392
0.672281589507
0.659841542645
0.63938414482
0.645279076022
0.704368994584
0.702988834575
0.707954478373
0.695191490909
0.682687777524
0.644072034853
0.714990581133
0.771504581169
0.703725123142
0.678709174725
0.675821286408
0.663719224354
0.66681467643
0.781062461339
0.793045008242
0.778317720696
0.76714174936
0.751481577999
0.748965156445
0.793328462284
0.803392374639
0.724375080922
0.687255712867
0.721468242346
0.748168779745
0.730795133632
0.680550691538
0.642776123131
0.563830134673
0.572681653814
0.570714738711
0.608347485208
0.756934723619
0.772565271364
0.663053189659
0.646156629877
0.629036271418
0.628661890125
0.702199018903
0.784756693491
0.738054430199
0.692734759288
0.69616787262
0.707851316551
0.692340535847
0.665998554671
0.651717538726
0.5779094473
0.5997667862
0.596670936464
0.61313780002
0.704671974364
0.717094317297
0.703174167687
0.717251540715
0.713213083866
0.70671597618
0.708232749114
0.797790846587
0.781874359723
0.745012805169
0.738233902841
0.692135694132
0.602007651962
0.801594625648
0.76833133494
0.664024991306
0.668404010735
0.663211661652
0.664675471457
0.698901357362
0.783535954368
0.727096806623
0.62938727596
0.655466746473
0.668377339275
0.67858420277
0.666842086197
0.653485075367
0.572042119316
0.576577357139
0.563490600993
0.548288894917
0.685613214787
0.765015968685
0.69578266105
0.667164306376
0.653579984836
0.627000633816
0.628808288241
0.648781607742
0.649127547222
0.595257772704
0.618749440586
0.58067460076
0.563864694728
0.730688283788
0.774793123161
0.692522987089
0.661673444268
0.637837071326
0.626986038564
0.635422415517
0.698684880324
0.705490133199
0.705071495025
0.710156152649
0.674648226284
0.653327562536
0.732584737177
0.769787483557
0.694436033703
0.690272795864
0.647174887122
0.555844464601
0.668855696176
0.785361520317
0.791475514173
0.776844113973
0.763944682783
0.75381858558
0.742511562238
0.810168247677
0.829390219839
0.770747562008
0.731044456299
0.748084565109
0.742825294689
0.714196375004
0.660181451113
0.610404633031
0.577161408117
0.576398631929
0.569324464172
0.61316670064
0.779441398741
0.755093839621
0.664194525284
0.681507906689
0.649219717702
0.62971484901
0.731214761859
0.790360461467
0.716583621844
0.671852688128
0.685090893591
0.696986423993
0.686828715319
0.66961807397
0.644501896475
0.569463807803
0.598939407537
0.596185642333
0.615358982903
0.694437510861
0.71288153688
0.710473548537
0.723077493028
0.7175123656
0.70720154415
0.728499515917
0.808244213902
0.782220123019
0.746965536508
0.732890459564
0.685407719066
0.634012646796
0.786479462331
0.757305983028
0.660854867376
0.657199029822
0.668779621727
0.67127930158
0.730241584876
0.790733925955
0.719942039762
0.688186123515
0.695125693903
0.682450790709
0.676595986745
0.666113459442
0.649649767488
0.588532051698
0.603485628147
0.578471546057
0.597815691659
0.728180032118
0.767609375524
0.692555149868
0.678874131837
0.667163363521
0.633625917975
0.638594062615
0.668897895267
0.651814734717
0.61112398986
0.6420571483
0.591024775975
0.589294673812
0.734836468167
0.756074583083
0.702861322412
0.682821941671
0.645235041978
0.653288648103
0.672231888236
0.711899586622
0.71504065902
0.705012569393
0.705375736185
0.683901858257
0.672700587843
0.755578023029
0.762721965092
0.67551203021
0.676027400118
0.666563079105
0.662000312846
0.704898004021
0.784196917386
0.780160116172
0.770497391772
0.756864488299
0.75146403087
0.749675152626
0.817101319422
0.830746982048
0.754058894997
0.740809809146
0.743914360444
0.741525818546
0.706535084546
0.669059440804
0.625241611005
0.62616332784
0.628371755865
0.635678843154
0.669995267633
0.766655511958
0.726085170788
0.676116319797
0.675276792167
0.665105503391
0.654116066532
0.727103516155
0.760521506598
0.678472443477
0.666899783545
0.660192023913
0.652115136444
0.657494069457
0.670053131945
0.63598464315
0.608356416406
0.630943552512
0.616556521851
0.652354658537
0.699360732354
0.709854627013
0.698597108933
0.700064007287
0.695545050671
0.678534843763
0.701061481182
0.767154802143
0.693658152683
0.651169126491
0.653160637721
0.649036847169
0.640709388353
0.750379723723
0.73969131561
0.666444071096
0.664483342452
0.66306984685
0.658029308339
0.707409280826
0.759746217659
0.690830850488
0.681501898074
0.667727526225
0.663095363297
0.66314004121
0.65639780222
0.633968076287
0.582729690299
0.594198525955
0.603913718771
0.588459410372
0.773267404431
0.794962431382
0.693306474756
0.63570119146
0.570075344573
0.544679086038
0.606161981377
0.6581872319
0.632064845638
0.571054809518
0.596590135105
0.587770599596
0.623005779322
0.779832367929
0.750752824086
0.637056541615
0.631137740297
0.662294231157
0.698187053975
0.733994656901
0.71241671292
0.693677419036
0.709709284204
0.705243096613
0.672263838864
0.64005015849
0.78371046178
0.761084700135
0.66762148857
0.681304050497
0.628274099825
0.554314195581
0.739666038195
0.783499373566
0.761680440828
0.737499959754
0.697523038682
0.65837569162
0.657722410134
0.774620464521
0.74513175277
0.704020252614
0.681639831569
0.646232645561
0.636606878267
0.653775880231
0.65903948688
0.58175642515
0.597626556469
0.591471727003
0.604566472807
0.67555680933
0.748885388804
0.699242502593
0.661650570151
0.663013320508
0.64331793536
0.640887505121
0.765505129222
0.751119167635
0.667953832894
0.665886406782
0.671166146883
0.668387992429
0.664147059105
0.663277033073
0.62878896425
0.62003284122
0.624429284704
0.604642841093
0.638894105064
0.709145226846
0.717125721109
0.707167743502
0.716961749855
0.692670269946
0.687433099713
0.725370348048
0.769464072246
0.685168657997
0.64830327056
0.643345595516
0.651799636578
0.662974467501
0.766143207091
0.720970750727
0.664618589986
0.663157851832
0.650354872578
0.65570971746
0.734290203446
0.75735257522
0.682335858146
0.659830125571
0.666307271843
0.663156776797
0.657331413501
0.665732966483
0.631547993271
0.556098480012
0.585912593045
0.583858756673
0.569740478942
0.776570900403
0.770185889664
0.634056224848
0.602864318284
0.59116254872
0.597981284194
0.643108973867
0.658373967558
0.612629324185
0.572404895203
0.600314007077
0.58470227986
0.64251576668
0.778120300929
0.7358283928
0.658286943424
0.659548605448
0.667289973966
0.662255724143
0.694678135245
0.711020673199
0.695612430682
0.710436071803
0.701407670828
0.651847884979
0.647945858254
0.783601903375
0.739105496149
0.671181348246
0.673424601459
0.625265051078
0.597624091782
0.721168167989
0.767975226803
0.742933445689
0.731818541875
0.694035489036
0.653257536436
0.676694444893
0.778015373754
0.715913275809
0.697136294099
0.674070811951
0.636254184027
0.611403716445
0.650377060337
0.654247551065
0.606847056267
0.625814081684
0.63201997444
0.642070472035
0.701687839225
0.757706145425
0.697611443386
0.681143372449
0.688634576829
0.68350927362
0.684722875877
0.761041073593
0.759508677445
0.696844642463
0.689084400407
0.679621885256
0.678888873835
0.67887789088
0.663633354818
0.602555028193
0.602180591991
0.61313632162
0.618842697307
0.666137202782
0.718747952386
0.70349020592
0.699127328614
0.691709748667
0.69028796601
0.699078651491
0.742434596473
0.754894249054
0.670031299919
0.660753720237
0.685581780583
0.679503624271
0.700911903274
0.777599968637
0.725399009648
0.680435392234
0.688940947821
0.685344961158
0.67483903988
0.753902714766
0.758098045505
0.686941038192
0.675731158584
0.66344017571
0.677885773278
0.673714470274
0.669331154719
0.612367327417
0.570633982658
0.587079168501
0.587764655369
0.622437479405
0.769766657862
0.750926726186
0.65795761044
0.635058249407
0.587498840595
0.583475498448
0.64288935813
0.667840405325
0.604312810441
0.597916525434
0.609110240619
0.59932420366
0.673817745922
0.762206079007
0.710679623521
0.61221200356
0.619381479493
0.658065148369
0.661189184334
0.708273064789
0.707082157641
0.68248086848
0.706322787207
0.691806443304
0.656053728859
0.665205590799
0.765784060074
0.691000920333
0.664509748877
0.674250128572
0.60351920484
0.581557573576
0.765427034302
0.769358663389
0.750555629102
0.715344294608
0.684683540048
0.637730123231
0.722465946963
0.775893935022
0.693098104966
0.693418077598
0.657361687432
0.651551660606
0.625619456186
0.665480569725
0.646158887664
0.591168079974
0.623507322999
0.622337028097
0.630219375578
0.734514481998
0.764654730733
0.698760920368
0.68259488523
0.668118238142
0.674653972256
0.696136344614
0.776350328136
0.732229402527
0.669926067939
0.651464679023
0.651202578578
0.658628107445
0.668966271997
0.660584843799
0.601486476587
0.619055473538
0.616400036676
0.621018526529
0.67942935142
0.71441339376
0.705641738829
0.718987234974
0.713372720889
0.695949008462
0.676414580127
0.751552946011
0.749578253862
0.652135125597
0.658795926794
0.665147672262
0.673724367974
0.700556001201
0.766833702938
0.71226475255
0.684243062519
0.680234437006
0.665149105635
0.660953013931
0.759418904094
0.748225161694
0.676344118055
0.665575499517
0.663521154519
0.662621613668
0.670780689778
0.668995301325
0.628189466339
0.640727439925
0.638930541025
0.628130345184
0.687165183188
0.78935568086
0.741443161624
0.70843441614
0.706036824974
0.708162190946
0.713267552771
0.685271769444
0.666457410259
0.621435426772
0.619859070553
0.625032606475
0.638797796742
0.715543207056
0.786810111132
0.735821884524
0.68858499801
0.683579684947
0.692727625523
0.694382443377
0.716740544342
0.721391015832
0.719665240836
0.724622801039
0.711486886671
0.711025344586
0.758312943903
0.809700211636
0.751009656811
0.704184475028
0.705439284415
0.705680388337
0.709762153602
0.78657978308
0.788412761049
0.775554874773
0.758990330537
0.740771191989
0.720425646331
0.75654453034
0.792711206978
0.740312219165
0.728578441941
0.720938205424
0.714561927139
0.705846224368
0.665129784973
0.622693763112
0.438703343199
0.362702479274
0.344731131242
0.309439504305
0.792696111972
0.78476990575
0.666687826172
0.64442295209
0.59774458131
0.522168915475
0.67033660592
0.797544156433
0.767308679664
0.727908466778
0.737069529939
0.749781330756
0.743682611487
0.674396575172
0.654087571536
0.558577554082
0.578770334194
0.576359447379
0.58132826778
0.708270577284
0.721677839585
0.710813959261
0.733781292461
0.737118835764
0.728731087747
0.732852083891
0.838966179229
0.837564978189
0.768651198571
0.691565861203
0.651575261823
0.644040848244
0.803784718047
0.772488511205
0.641808129869
0.594738746398
0.609373651505
0.594046148141
0.665531067789
0.790173228178
0.741369840007
0.657820290558
0.654006511729
0.616855474564
0.613820668758
0.651222412959
0.649090617064
0.524868024553
0.415574490742
0.392953470588
0.350501261508
0.722392339815
0.794466879454
0.72406511224
0.650164919791
0.656767285594
0.582466321602
0.518061553507
0.6490834772
0.658911439199
0.580316820461
0.61791767623
0.592204750628
0.566620299895
0.731503931342
0.785941408571
0.692250915398
0.655229747681
0.635699838555
0.622736073349
0.625314079821
0.711628747036
0.693927204887
0.702635735119
0.705330741165
0.688965916958
0.643293499819
0.751642585706
0.791832468516
0.684033769592
0.670750662381
0.635911782098
0.559521699694
0.626855438565
0.78142315287
0.793974215296
0.781719697865
0.767207811909
0.758909322175
0.750420298081
0.825061075417
0.834844310809
0.778785675311
0.741535917535
0.748746964287
0.740483017174
0.700028941671
0.666972347716
0.593240642896
0.468135219118
0.453852707866
0.41727865331
0.500191414053
0.781681940547
0.774453869048
0.681616362509
0.685779503891
0.639316673366
0.582390027438
0.743279904407
0.798756818211
0.761526014007
0.717904407237
0.741769621694
0.732079063003
0.731359823789
0.6721190902
0.649064013068
0.558179565809
0.579564963679
0.57192708442
0.595402534772
0.707834166399
0.713688923458
0.709717039643
0.736090869799
0.736301292113
0.728343686714
0.759834088288
0.845117944433
0.833547154963
0.75342642326
0.677040922567
0.647932200965
0.678790322675
0.799957043066
0.772531838374
0.649696808984
0.610205909192
0.6268112669
0.614175624523
0.702068285673
0.789667040565
0.714866348548
0.684807438299
0.672028125346
0.643018163711
0.627229976312
0.664837359046
0.650144752961
0.501267293432
0.467201118739
0.445800098339
0.417049899733
0.743420834431
0.802029576751
0.711690843019
0.689265434391
0.677581030816
0.616760773546
0.591020145133
0.65208171151
0.641694524143
0.600008398959
0.619309155686
0.585105657236
0.591357769086
0.742285604333
0.781270050043
0.7100769792
0.695427778928
0.657220379316
0.636563156859
0.663516714118
0.716295176889
0.713465402591
0.715463003676
0.718709566568
0.684282220653
0.653593114853
0.770803006116
0.782306335675
0.682388559938
0.683118128342
0.655763012776
0.597078528621
0.702822702341
0.791260984694
0.793836722175
0.783577118755
0.765679161386
0.755961191533
0.749360001159
0.832405620724
0.830238233716
0.771910346142
0.749125589247
0.745454879389
0.740107296198
0.696981867818
0.547944990851
0.425162047988
0.45012937261
0.451712297214
0.402350602717
0.35443968051
0.421390191416
0.534741803485
0.614062737028
0.633827193937
0.57368017416
0.503603538376
0.572869654475
0.647142923548
0.695362334153
0.716842835312
0.740801163109
0.731956496255
0.738358871696
0.742013330345
0.746686000346
0.750545031706
0.742757142638
0.731931389441
0.735975940613
0.708989660394
0.630892085303
0.144571311477
0.218196524129
0.315531811732
0.411906297468
0.510886687231
0.602349072681
0.680899963499
0.737812559865
0.792549348025
0.808858662384
0.757830954221
0.642091584826
0.567011375185
0.580574269839
0.618512530245
0.624908065016
0.611505696333
0.61280411691
0.613648499524
0.619104855743
0.647267133415
0.643049508873
0.614576031515
0.613430180119
0.560613387697
0.453013565803
0.475993587457
0.477163426229
0.449452355953
0.395634069455
0.405941718728
0.518685577321
0.615536471157
0.663838855264
0.631397481416
0.561005957753
0.519886083957
0.613554155032
0.626420762937
0.663035649901
0.656808190977
0.62551683734
0.597982566602
0.60871243723
0.633323907678
0.656101638616
0.664005459234
0.631269564739
0.624877316822
0.614568764423
0.526555557576
0.43934272263
0.480647275101
0.474819113919
0.422201501092
0.389635196247
0.427992140681
0.548561002264
0.634525052886
0.663974237372
0.61603729448
0.533681149928
0.552621602111
0.637740562858
0.683198729825
0.720666689329
0.740776875624
0.74916443861
0.748025671875
0.743531789923
0.732961816147
0.731039912465
0.744385844456
0.745198420827
0.735614358193
0.688372855812
0.547458502602
0.508908981146
0.537085112103
0.523982271919
0.471878830712
0.446120122578
0.516199866356
0.618761461326
0.671094322836
0.674812286634
0.619033754271
0.565255079239
0.61869683474
0.678604806239
0.697699534392
0.722268391236
0.747727121962
0.737307659836
0.738181582133
0.748407653598
0.741859304258
0.742329694602
0.743601619815
0.744404393553
0.745508923167
0.712890239994
0.612123422781
0.158763115945
0.243764013145
0.33433525407
0.42778736045
0.521048431937
0.599389420231
0.667615194786
0.737858877648
0.793575135337
0.808570990539
0.714582301536
0.631126038106
0.590272437513
0.607921035912
0.615761963711
0.622433243576
0.613861557565
0.60545550675
0.635104652116
0.664783799712
0.691825876002
0.675072295038
0.641424639739
0.625102727817
0.604449817638
0.566616901563
0.57029276949
0.586252411345
0.58370673811
0.576475907081
0.593875335352
0.619349440575
0.671283547189
0.692407146197
0.661628064917
0.618069870545
0.612747002536
0.636069829337
0.652733271407
0.685264146803
0.667615108203
0.639864212598
0.640533319176
0.64208766379
0.65632229834
0.689995063703
0.684032223892
0.645658588412
0.640122722332
0.630474328089
0.576606107553
0.548571418801
0.58412729879
0.595081970594
0.563300639775
0.559208475675
0.577398860703
0.626309307559
0.671161338067
0.682366268714
0.653256300979
0.614790435957
0.630572264068
0.667886310184
0.718623274298
0.730220441739
0.734457408804
0.726134900228
0.73756103596
0.726221991465
0.741764253594
0.748956272079
0.741143649708
0.739281184573
0.737611408244
