0.00137329101562
0.388519287109
0.475860595703
0.471954345703
0.452514648438
0.456512451172
0.439819335938
0.453369140625
0.45166015625
0.445281982422
0.430206298828
0.445739746094
0.456176757812
0.507843017578
0.585998535156
0.639587402344
0.599792480469
0.592224121094
0.688232421875
0.609161376953
0.649871826172
0.650726318359
0.628601074219
0.611511230469
0.660247802734
0.659790039062
0.565399169922
0.461486816406
0.450439453125
0.473449707031
0.450439453125
0.455413818359
0.452239990234
0.439361572266
0.455169677734
0.428466796875
0.453430175781
0.445281982422
0.442352294922
0.726348876953
0.712310791016
0.712860107422
0.683319091797
0.654266357422
0.713806152344
0.671813964844
0.701904296875
0.680236816406
0.681762695312
0.680877685547
0.683227539062
0.623809814453
0.663513183594
0.520324707031
0.449249267578
0.434783935547
0.420166015625
0.423309326172
0.433807373047
0.424438476562
0.425140380859
0.423461914062
0.426116943359
0.428924560547
0.430908203125
0.698394775391
0.70068359375
0.679840087891
0.563262939453
0.680084228516
0.655395507812
0.579284667969
0.601867675781
0.65087890625
0.629577636719
0.569152832031
0.576019287109
0.672241210938
0.369873046875
0.469604492188
0.438354492188
0.433746337891
0.433227539062
0.432342529297
0.42333984375
0.434112548828
0.429473876953
0.417816162109
0.433258056641
0.430297851562
0.424560546875
0.735443115234
0.695434570312
0.625122070312
0.619354248047
0.617980957031
0.671569824219
0.546142578125
0.61572265625
0.647979736328
0.634796142578
0.659759521484
0.644866943359
0.628082275391
0.432952880859
0.433624267578
0.425689697266
0.425750732422
0.423645019531
0.406372070312
0.414215087891
0.406433105469
0.408599853516
0.41357421875
0.404693603516
0.396514892578
0.537231445312
0.719482421875
0.559020996094
0.683715820312
0.623748779297
0.626678466797
0.526580810547
0.657897949219
0.656890869141
0.526092529297
0.660888671875
0.635162353516
0.574340820312
0.617767333984
0.425384521484
0.458129882812
0.389984130859
0.420989990234
0.424072265625
0.418823242188
0.413787841797
0.423492431641
0.422790527344
0.402801513672
0.405212402344
0.410858154297
0.570861816406
0.655822753906
0.536926269531
0.604888916016
0.632720947266
0.511169433594
0.614074707031
0.665435791016
0.531372070312
0.606994628906
0.613647460938
0.558532714844
0.581024169922
0.550323486328
0.560546875
0.53759765625
0.537414550781
0.503570556641
0.526550292969
0.542053222656
0.525390625
0.535430908203
0.517700195312
0.555267333984
0.500793457031
0.518920898438
0.75244140625
0.640625
0.706420898438
0.692779541016
0.618682861328
0.595123291016
0.683868408203
0.590698242188
0.643615722656
0.646636962891
0.658538818359
0.612945556641
0.667144775391
0.508544921875
0.482177734375
0.520782470703
0.526733398438
0.508819580078
0.498504638672
0.475341796875
0.464874267578
0.468597412109
0.468933105469
0.501342773438
0.537536621094
0.591857910156
0.66015625
0.713439941406
0.657928466797
0.692321777344
0.639587402344
0.681915283203
0.668548583984
0.645782470703
0.639343261719
0.665069580078
0.705474853516
0.615112304688
0.595550537109
0.424041748047
0.464294433594
0.48193359375
0.455078125
0.462310791016
0.446472167969
0.449066162109
0.453765869141
0.445098876953
0.456298828125
0.451599121094
0.447265625
0.564483642578
0.638061523438
0.610534667969
0.602294921875
0.599731445312
0.659393310547
0.623138427734
0.62939453125
0.68408203125
0.560211181641
0.608245849609
0.672698974609
0.556457519531
0.531311035156
0.496124267578
0.456268310547
0.439208984375
0.437377929688
0.436614990234
0.445739746094
0.445648193359
0.449035644531
0.444152832031
0.4453125
0.440765380859
0.445373535156
0.729858398438
0.684722900391
0.719848632812
0.720153808594
0.649536132812
0.727935791016
0.707794189453
0.632080078125
0.703796386719
0.683197021484
0.642852783203
0.674987792969
0.653961181641
0.45166015625
0.507202148438
0.455413818359
0.440612792969
0.418701171875
0.425964355469
0.435089111328
0.417907714844
0.426666259766
0.426239013672
0.432006835938
0.419464111328
0.425872802734
0.7236328125
0.671295166016
0.633728027344
0.620971679688
0.652862548828
0.689147949219
0.581573486328
0.612060546875
0.633544921875
0.611236572266
0.649444580078
0.624359130859
0.630554199219
0.401672363281
0.437622070312
0.435729980469
0.449005126953
0.426818847656
0.436370849609
0.435180664062
0.42578125
0.434295654297
0.431854248047
0.442321777344
0.433471679688
0.677154541016
0.699157714844
0.692932128906
0.610626220703
0.704925537109
0.633636474609
0.681549072266
0.596069335938
0.612213134766
0.641448974609
0.6181640625
0.665893554688
0.616241455078
0.656127929688
0.443084716797
0.449432373047
0.399139404297
0.42333984375
0.422454833984
0.412109375
0.416687011719
0.412384033203
0.413635253906
0.410736083984
0.408416748047
0.408355712891
0.604736328125
0.696166992188
0.611022949219
0.555480957031
0.643615722656
0.653167724609
0.587860107422
0.665252685547
0.648284912109
0.546813964844
0.652954101562
0.62255859375
0.626831054688
0.488616943359
0.464324951172
0.416870117188
0.434631347656
0.414581298828
0.421478271484
0.405395507812
0.407806396484
0.422454833984
0.411804199219
0.414825439453
0.404296875
0.416748046875
0.619476318359
0.681091308594
0.556427001953
0.600372314453
0.606018066406
0.594299316406
0.611450195312
0.569061279297
0.5869140625
0.587921142578
0.585327148438
0.592193603516
0.585296630859
0.507202148438
0.524383544922
0.544891357422
0.510833740234
0.495025634766
0.484375
0.506286621094
0.491943359375
0.50439453125
0.502807617188
0.459197998047
0.512115478516
0.671356201172
0.610870361328
0.665954589844
0.597564697266
0.648254394531
0.650329589844
0.693939208984
0.660095214844
0.629425048828
0.593658447266
0.653198242188
0.61376953125
0.6005859375
0.640869140625
0.533355712891
0.555328369141
0.553039550781
0.564819335938
0.507995605469
0.516204833984
0.51513671875
0.501251220703
0.483093261719
0.516998291016
0.485870361328
0.530548095703
0.746124267578
0.656524658203
0.684997558594
0.65966796875
0.733917236328
0.619110107422
0.793060302734
0.683959960938
0.651275634766
0.673461914062
0.639404296875
0.651123046875
0.624969482422
0.637878417969
0.504180908203
0.470062255859
0.459655761719
0.453857421875
0.439575195312
0.452728271484
0.453247070312
0.462310791016
0.445007324219
0.461120605469
0.445617675781
0.448699951172
0.595977783203
0.664703369141
0.649658203125
0.560485839844
0.690124511719
0.664123535156
0.584014892578
0.698333740234
0.694183349609
0.576354980469
0.665985107422
0.685882568359
0.583831787109
0.534545898438
0.557739257812
0.511199951172
0.544860839844
0.515411376953
0.488494873047
0.527069091797
0.513549804688
0.509918212891
0.539764404297
0.51123046875
0.563659667969
0.538879394531
0.742523193359
0.687927246094
0.695739746094
0.692718505859
0.718627929688
0.702758789062
0.6943359375
0.67626953125
0.719757080078
0.731079101562
0.742523193359
0.684875488281
0.652221679688
0.452178955078
0.517761230469
0.5361328125
0.563934326172
0.506378173828
0.492126464844
0.526519775391
0.496520996094
0.521728515625
0.538330078125
0.529388427734
0.568786621094
0.754333496094
0.828063964844
0.758758544922
0.642181396484
0.727691650391
0.706329345703
0.767150878906
0.678405761719
0.693420410156
0.663818359375
0.599334716797
0.687835693359
0.649291992188
0.782592773438
0.55078125
0.569671630859
0.552886962891
0.622680664062
0.538024902344
0.515350341797
0.514739990234
0.538879394531
0.548858642578
0.492309570312
0.511199951172
0.519775390625
0.829742431641
0.759094238281
0.725280761719
0.669952392578
0.671203613281
0.766998291016
0.674285888672
0.621002197266
0.592071533203
0.665954589844
0.595031738281
0.591613769531
0.708160400391
0.542663574219
0.5087890625
0.467834472656
0.495788574219
0.526184082031
0.487457275391
0.493469238281
0.497528076172
0.469818115234
0.522033691406
0.528350830078
0.590759277344
0.563171386719
0.761260986328
0.726867675781
0.702514648438
0.67333984375
0.634185791016
0.717559814453
0.666198730469
0.61962890625
0.63330078125
0.685180664062
0.626098632812
0.678466796875
0.617523193359
0.579956054688
0.497314453125
0.547241210938
0.476287841797
0.540496826172
0.535247802734
0.480102539062
0.586090087891
0.504272460938
0.487426757812
0.495025634766
0.527893066406
0.593078613281
0.676513671875
0.565063476562
0.645355224609
0.636016845703
0.615570068359
0.606811523438
0.684509277344
0.531524658203
0.64697265625
0.637054443359
0.555999755859
0.665161132812
0.616546630859
0.551025390625
0.541107177734
0.673614501953
0.557525634766
0.555450439453
0.616241455078
0.5458984375
0.562438964844
0.58251953125
0.564910888672
0.53173828125
0.531402587891
0.820434570312
0.767608642578
0.707763671875
0.671508789062
0.714233398438
0.653350830078
0.692230224609
0.66943359375
0.741760253906
0.619384765625
0.673767089844
0.698608398438
0.710540771484
0.6630859375
0.504760742188
0.567047119141
0.520233154297
0.5517578125
0.585815429688
0.622650146484
0.512115478516
0.518890380859
0.45361328125
0.537628173828
0.585418701172
0.565277099609
0.841522216797
0.651824951172
0.750549316406
0.693786621094
0.696716308594
0.703704833984
0.709014892578
0.710876464844
0.685668945312
0.694305419922
0.664398193359
0.707122802734
0.68115234375
0.563415527344
0.576568603516
0.514801025391
0.502960205078
0.560791015625
0.535278320312
0.492218017578
0.555541992188
0.564697265625
0.539001464844
0.551971435547
0.589080810547
0.538909912109
0.605072021484
0.694366455078
0.694732666016
0.640533447266
0.825775146484
0.692169189453
0.655975341797
0.676727294922
0.664001464844
0.741119384766
0.732452392578
0.720001220703
0.720184326172
0.58740234375
0.560821533203
0.541168212891
0.557739257812
0.534790039062
0.562316894531
0.607147216797
0.660278320312
0.571624755859
0.581756591797
0.609466552734
0.581085205078
0.750213623047
0.822509765625
0.742828369141
0.672760009766
0.754699707031
0.817291259766
0.785034179688
0.867706298828
0.772705078125
0.756866455078
0.718933105469
0.714111328125
0.811798095703
0.717132568359
0.618591308594
0.603820800781
0.542175292969
0.54638671875
0.55419921875
0.541198730469
0.603637695312
0.578308105469
0.601318359375
0.561950683594
0.558013916016
0.553771972656
0.8251953125
0.756072998047
0.776306152344
0.690002441406
0.785430908203
0.743286132812
0.749816894531
0.720367431641
0.686096191406
0.765075683594
0.703796386719
0.643798828125
0.733856201172
0.561553955078
0.600402832031
0.622650146484
0.622711181641
0.751220703125
0.619293212891
0.654205322266
0.593658447266
0.686798095703
0.6669921875
0.708984375
0.609619140625
0.637298583984
0.880035400391
0.664306640625
0.798156738281
0.754608154297
0.767211914062
0.790008544922
0.638793945312
0.731414794922
0.652069091797
0.750061035156
0.813323974609
0.709564208984
0.967468261719
1.22644042969
1.11187744141
1.08764648438
1.10922241211
1.07827758789
0.569549560547
0.903564453125
0.777862548828
0.538024902344
0.688720703125
0.683654785156
0.670593261719
1.03915405273
1.15573120117
1.09783935547
1.05191040039
1.12066650391
1.14303588867
0.690032958984
0.608001708984
0.567626953125
0.749053955078
0.706787109375
0.683349609375
0.668884277344
1.1591796875
1.14346313477
1.10110473633
1.04412841797
1.1125793457
1.06585693359
0.53515625
0.948944091797
0.753479003906
0.600402832031
0.73046875
0.669982910156
0.701141357422
1.17977905273
1.11752319336
1.10211181641
1.01449584961
1.12515258789
1.11367797852
0.660339355469
0.638305664062
0.748565673828
0.820861816406
0.82275390625
0.679718017578
0.692504882812
1.15515136719
1.13684082031
1.14855957031
1.03970336914
1.1741027832
1.17547607422
1.04119873047
1.18106079102
1.13543701172
1.1067199707
1.07971191406
1.15447998047
0.606231689453
1.19705200195
1.12731933594
1.17303466797
1.00964355469
1.11254882812
0.976226806641
1.16693115234
1.14141845703
1.11407470703
1.09240722656
1.12677001953
1.09335327148
0.479461669922
1.18069458008
1.15078735352
1.13165283203
1.03643798828
1.13354492188
0.909362792969
1.20309448242
1.12167358398
1.13497924805
1.04095458984
1.15216064453
1.05944824219
0.872253417969
1.17684936523
1.11404418945
1.0888671875
1.08847045898
1.13995361328
0.600952148438
1.19781494141
1.18780517578
1.1096496582
1.06198120117
1.13201904297
1.10488891602
1.17770385742
1.23190307617
1.16036987305
1.14324951172
1.17068481445
1.11306762695
0.987640380859
1.013671875
1.01428222656
0.847351074219
1.00891113281
1.07046508789
1.08993530273
1.04995727539
1.07373046875
1.06723022461
1.02206420898
1.03732299805
1.07611083984
0.944915771484
1.21862792969
1.13821411133
1.15634155273
1.14297485352
1.13458251953
0.727966308594
1.20895385742
1.00213623047
1.04803466797
1.1311340332
0.873901367188
0.850219726562
1.01077270508
1.14318847656
1.10662841797
1.08117675781
0.832275390625
1.09735107422
1.02432250977
1.11605834961
1.02368164062
0.894897460938
1.07073974609
1.08471679688
0.967956542969
1.09512329102
1.05368041992
0.920928955078
1.13800048828
1.13092041016
1.01577758789
1.03726196289
1.22705078125
1.16003417969
1.16305541992
1.15414428711
1.1350402832
0.918029785156
0.929412841797
0.576293945312
0.707733154297
0.6337890625
1.15441894531
0.994720458984
0.833160400391
1.26742553711
1.10494995117
1.08169555664
1.09460449219
1.06735229492
0.847045898438
1.11383056641
1.04443359375
0.962219238281
0.862182617188
0.573852539062
0.474060058594
0.771301269531
1.1865234375
0.930908203125
0.707702636719
0.764434814453
0.807769775391
0.872131347656
0.996520996094
0.838531494141
1.03649902344
0.982543945312
0.892578125
0.828338623047
1.025390625
1.03720092773
0.996673583984
1.08023071289
0.9462890625
0.941986083984
0.949523925781
0.95849609375
0.841766357422
1.04244995117
0.875213623047
0.915832519531
0.969665527344
1.18310546875
1.08953857422
1.1328125
1.14074707031
1.14797973633
1.12603759766
1.01565551758
1.14764404297
0.886657714844
1.04406738281
1.12414550781
1.14254760742
1.02386474609
0.957580566406
1.00244140625
1.00091552734
0.986846923828
1.07751464844
1.01461791992
1.20181274414
1.27432250977
1.04962158203
1.08734130859
1.16827392578
1.16061401367
0.800109863281
1.2126159668
0.808013916016
1.00704956055
0.675079345703
0.951751708984
0.868560791016
1.1220703125
1.07690429688
0.966064453125
0.975921630859
1.10882568359
1.11093139648
0.994842529297
1.09887695312
1.0348815918
0.893035888672
0.952972412109
1.05706787109
1.07284545898
0.899291992188
1.13638305664
1.03216552734
1.09872436523
1.1266784668
1.04763793945
0.990844726562
1.20132446289
1.13049316406
1.12203979492
1.12225341797
1.08786010742
0.795227050781
0.947052001953
0.690643310547
0.805694580078
0.936096191406
1.11642456055
0.930389404297
1.05514526367
1.25668334961
1.09765625
1.01126098633
1.08633422852
1.04162597656
0.683441162109
1.14956665039
0.932342529297
0.852111816406
0.723724365234
0.577941894531
0.482818603516
1.17626953125
1.15209960938
0.921783447266
0.828338623047
0.836761474609
0.931762695312
0.864135742188
0.958831787109
0.868591308594
0.986541748047
1.05236816406
0.929748535156
0.890777587891
1.07424926758
1.0322265625
0.969696044922
1.00280761719
0.859588623047
0.863830566406
0.946563720703
1.08587646484
0.898132324219
0.918334960938
0.908660888672
0.885894775391
0.919281005859
1.27392578125
1.13256835938
1.10797119141
1.20791625977
1.11108398438
1.15234375
0.782501220703
0.909851074219
1.07879638672
0.948394775391
1.11465454102
1.07540893555
1.14416503906
0.956573486328
0.841339111328
1.07565307617
0.999053955078
1.05773925781
1.04306030273
1.18032836914
1.18707275391
1.15762329102
1.13198852539
1.16900634766
1.1276550293
0.837066650391
1.19564819336
0.798767089844
0.871917724609
0.953765869141
1.03936767578
0.881011962891
1.060546875
0.967102050781
0.935516357422
0.895721435547
1.05218505859
1.05325317383
1.13146972656
1.06134033203
1.04092407227
0.9306640625
1.00857543945
1.16897583008
1.02325439453
1.19058227539
1.1318359375
1.09191894531
1.03723144531
1.06088256836
0.920104980469
1.16290283203
1.2158203125
1.08801269531
1.11581420898
1.13110351562
1.08462524414
0.823547363281
0.884643554688
0.589569091797
0.714965820312
1.00796508789
1.03063964844
0.783355712891
1.26089477539
1.19519042969
1.09918212891
0.970977783203
1.07250976562
1.00473022461
0.520843505859
1.08795166016
0.948669433594
0.922454833984
0.714111328125
0.571838378906
0.421447753906
1.16061401367
1.11166381836
0.921508789062
0.764190673828
0.561279296875
0.821685791016
0.924591064453
1.09228515625
0.930328369141
1.09548950195
0.980712890625
0.892395019531
0.85791015625
1.0221862793
1.05169677734
0.9765625
0.837615966797
0.952117919922
0.905059814453
0.9462890625
1.09454345703
0.908325195312
1.0124206543
0.882659912109
0.748382568359
0.959899902344
1.21893310547
1.1643371582
1.1510925293
1.14077758789
1.15319824219
0.817626953125
1.0993347168
0.898254394531
0.777709960938
1.00259399414
1.03897094727
1.07827758789
1.03259277344
0.953369140625
1.06103515625
1.10620117188
1.00643920898
0.90625
1.07135009766
1.27267456055
1.17144775391
1.09002685547
1.06344604492
1.14978027344
1.15090942383
0.611785888672
1.19830322266
0.913238525391
0.855834960938
0.795867919922
0.953948974609
1.04986572266
1.17523193359
1.02188110352
0.896179199219
1.01272583008
1.12390136719
0.966674804688
1.02865600586
1.00939941406
0.948608398438
1.03335571289
1.06930541992
0.966979980469
0.967803955078
1.07846069336
1.00836181641
1.08264160156
1.02688598633
1.03561401367
0.984375
1.18951416016
1.14910888672
1.12539672852
1.04623413086
1.14801025391
1.099609375
0.457122802734
0.992889404297
0.731292724609
0.734588623047
0.540863037109
0.420379638672
0.330657958984
1.18765258789
1.13421630859
1.09194946289
1.03930664062
1.05615234375
0.958831787109
0.586547851562
0.983734130859
0.468353271484
0.492523193359
0.497039794922
0.472900390625
0.446807861328
1.15698242188
0.770935058594
0.764343261719
0.586639404297
0.527893066406
0.5185546875
0.742034912109
0.708557128906
0.252685546875
0.205413818359
0.205780029297
0.221313476562
0.213409423828
0.898712158203
1.04675292969
0.686706542969
0.537719726562
0.514251708984
0.434906005859
0.873443603516
0.701538085938
0.456939697266
0.436462402344
0.393371582031
0.411071777344
0.403991699219
1.24661254883
1.18017578125
1.16360473633
1.16290283203
1.15704345703
1.13497924805
0.986907958984
1.06652832031
0.900970458984
1.08630371094
0.935241699219
1.11254882812
1.10687255859
1.00228881836
0.910919189453
1.12802124023
1.11581420898
1.01239013672
0.952239990234
1.2067565918
1.12582397461
1.15682983398
1.11087036133
1.14614868164
1.03189086914
1.12847900391
1.17639160156
1.00286865234
1.07290649414
0.918518066406
0.911804199219
1.12591552734
1.01208496094
0.952392578125
1.0793762207
0.964782714844
1.08001708984
1.13101196289
1.11444091797
0.971771240234
1.0129699707
1.07916259766
1.16494750977
1.0973815918
0.996520996094
1.12878417969
0.842071533203
1.02792358398
1.04675292969
0.996429443359
0.97119140625
1.25366210938
1.14492797852
1.10873413086
1.10580444336
1.09637451172
1.14212036133
0.782257080078
0.9169921875
0.670532226562
0.784759521484
1.14654541016
0.948425292969
0.826232910156
1.22991943359
1.13217163086
1.09091186523
1.00991821289
1.10339355469
0.984283447266
0.938415527344
1.130859375
0.902191162109
0.853210449219
0.717712402344
0.478454589844
0.345184326172
1.19039916992
0.754913330078
1.01345825195
0.773498535156
0.779663085938
0.848358154297
1.06021118164
0.983795166016
1.01864624023
0.983764648438
1.00039672852
0.852111816406
0.863647460938
1.1012878418
0.965057373047
0.989715576172
0.922607421875
0.873596191406
0.914611816406
1.09399414062
0.818878173828
1.08178710938
0.947906494141
0.935882568359
0.850708007812
0.890716552734
1.23950195312
1.11669921875
1.17791748047
1.1530456543
1.1330871582
0.739288330078
1.16848754883
0.828155517578
1.00375366211
1.09564208984
1.16455078125
1.07568359375
0.773315429688
1.11096191406
1.03469848633
1.03750610352
1.09225463867
1.05960083008
0.895751953125
1.24700927734
1.15347290039
1.11279296875
1.0771484375
1.16052246094
1.0436706543
1.23538208008
1.22515869141
0.982086181641
0.642578125
0.957824707031
0.941558837891
1.10501098633
1.10818481445
0.899810791016
0.834228515625
0.937042236328
1.03451538086
1.02673339844
1.08706665039
1.00161743164
0.980621337891
1.08258056641
1.05093383789
0.995880126953
0.936126708984
1.07360839844
0.928253173828
1.07431030273
1.00296020508
1.07949829102
1.13442993164
1.19473266602
1.12796020508
1.06536865234
1.06860351562
1.1477355957
1.06115722656
0.851928710938
0.7255859375
0.938018798828
0.933013916016
0.925689697266
0.895965576172
0.842834472656
1.33679199219
1.119140625
1.0885925293
1.02874755859
1.08047485352
0.867828369141
1.09060668945
1.07397460938
0.851989746094
0.895782470703
0.712707519531
0.399658203125
0.406372070312
1.17904663086
0.744506835938
0.829040527344
0.8466796875
0.924377441406
0.813934326172
1.00430297852
0.88818359375
1.04342651367
1.06991577148
1.03701782227
0.894226074219
1.01361083984
1.06719970703
1.02062988281
1.05535888672
0.875579833984
0.906280517578
0.755035400391
0.995300292969
0.945648193359
0.841247558594
0.922271728516
0.819244384766
0.764343261719
1.16903686523
1.22546386719
1.13583374023
1.16079711914
1.08703613281
1.06573486328
0.907867431641
0.99365234375
0.981903076172
1.00588989258
1.12100219727
1.1311340332
1.18374633789
0.975708007812
0.888275146484
1.04232788086
1.04376220703
1.0012512207
1.13507080078
1.05551147461
1.19845581055
1.16467285156
1.12103271484
1.1618347168
1.14126586914
0.813385009766
1.19100952148
1.04937744141
0.933227539062
1.0563659668
0.741607666016
1.03256225586
1.14016723633
1.10568237305
1.04452514648
1.10595703125
0.934936523438
1.04275512695
1.10684204102
1.23077392578
0.891906738281
0.8662109375
0.946044921875
1.10748291016
1.10620117188
1.16189575195
1.08932495117
0.915252685547
1.08953857422
1.13360595703
1.07986450195
1.09771728516
1.22756958008
1.14767456055
1.12762451172
1.1591796875
1.14108276367
0.927764892578
0.92822265625
0.625579833984
0.759582519531
0.739959716797
1.13967895508
1.0339050293
0.777191162109
1.25604248047
1.1650390625
1.07800292969
1.03005981445
1.01559448242
0.888366699219
1.1086730957
1.01675415039
0.807891845703
0.859893798828
0.728759765625
0.457214355469
0.464080810547
1.16619873047
1.01461791992
0.755493164062
0.815093994141
0.805267333984
0.924591064453
1.10592651367
0.880126953125
0.998779296875
0.999877929688
0.926727294922
0.856353759766
1.07934570312
1.04571533203
1.02026367188
0.891723632812
0.886444091797
0.865814208984
0.963348388672
1.03997802734
0.864959716797
0.981628417969
0.941040039062
0.955871582031
0.919921875
1.18774414062
1.16235351562
1.11962890625
1.14266967773
1.16796875
1.10272216797
1.046875
1.19027709961
0.794799804688
0.910308837891
0.789825439453
1.04821777344
0.903259277344
1.01458740234
1.10357666016
1.05065917969
0.913635253906
1.03207397461
1.00836181641
1.10174560547
1.25778198242
1.14517211914
1.06384277344
1.13845825195
1.14569091797
0.800354003906
1.25930786133
0.952911376953
0.988342285156
0.742248535156
1.03842163086
1.04849243164
1.13760375977
1.12561035156
0.900085449219
0.971374511719
1.09591674805
1.02105712891
1.05548095703
1.14495849609
0.984954833984
1.02886962891
1.01171875
1.07751464844
1.07171630859
1.11312866211
0.999114990234
1.03475952148
1.08630371094
1.0383605957
0.942840576172
1.01538085938
1.23910522461
1.13195800781
1.12252807617
1.11346435547
1.09957885742
0.879699707031
0.995819091797
0.746704101562
0.715789794922
0.659545898438
0.641540527344
0.494232177734
1.03332519531
1.22885131836
1.09094238281
1.05087280273
1.08032226562
1.04675292969
0.704772949219
0.938293457031
0.611450195312
0.489227294922
0.507202148438
0.456695556641
0.413909912109
1.0471496582
1.15979003906
0.803771972656
0.617706298828
0.550659179688
0.546905517578
0.495544433594
0.817810058594
0.327789306641
0.219543457031
0.259399414062
0.314666748047
0.268127441406
0.930847167969
0.971099853516
0.800750732422
0.594604492188
0.477416992188
0.545593261719
0.464385986328
0.898101806641
0.515960693359
0.494293212891
0.480926513672
0.457977294922
0.442108154297
1.21347045898
1.09869384766
1.06423950195
1.0358581543
1.00347900391
1.05178833008
0.754669189453
0.912384033203
1.04940795898
0.801666259766
0.875854492188
0.816375732422
0.947692871094
0.977722167969
0.577758789062
0.457824707031
0.385162353516
0.37939453125
0.519622802734
1.00823974609
1.21600341797
1.13720703125
1.0602722168
1.09521484375
1.05313110352
0.568817138672
1.19345092773
0.742950439453
0.817260742188
0.626708984375
0.605377197266
0.658966064453
0.769989013672
0.568450927734
0.384674072266
0.433990478516
0.219055175781
0.0770568847656
0.0570373535156
1.04693603516
0.963317871094
0.763397216797
0.731170654297
0.828857421875
0.866149902344
0.972991943359
0.747375488281
0.938720703125
0.947784423828
0.882415771484
0.849365234375
1.12353515625
1.15380859375
1.07559204102
1.14462280273
1.07086181641
1.05944824219
0.582672119141
0.881622314453
0.813934326172
0.806945800781
0.765808105469
0.7783203125
0.786071777344
1.03854370117
1.20404052734
1.13107299805
1.09759521484
0.910400390625
1.00775146484
0.551391601562
0.997344970703
0.927856445312
0.850402832031
0.894470214844
0.645599365234
0.854705810547
1.23779296875
1.10775756836
1.01556396484
0.903961181641
0.857269287109
0.813995361328
0.838165283203
1.02972412109
0.790679931641
0.835205078125
0.750396728516
0.715850830078
0.773620605469
0.967498779297
0.735961914062
0.807098388672
0.569305419922
0.431274414062
0.493896484375
0.690887451172
0.724639892578
0.165405273438
0.0393371582031
0.340698242188
0.340454101562
0.394195556641
1.29418945312
1.14776611328
1.11114501953
1.04104614258
1.10314941406
0.812255859375
1.07604980469
0.906860351562
0.692474365234
0.836975097656
0.82666015625
0.809326171875
0.744110107422
0.768859863281
0.412200927734
0.421203613281
0.483428955078
0.645965576172
0.677795410156
1.22192382812
1.18371582031
1.09231567383
1.03784179688
1.06689453125
0.989654541016
0.531524658203
1.20538330078
0.744293212891
0.773284912109
0.588958740234
0.633361816406
0.670166015625
0.898986816406
0.71142578125
0.476287841797
0.426452636719
0.213439941406
0.0430603027344
0.774261474609
0.947204589844
0.727813720703
0.801147460938
0.716644287109
0.814300537109
0.913909912109
0.835845947266
0.690765380859
0.817138671875
0.879058837891
0.792297363281
0.693450927734
1.16510009766
1.21194458008
1.1389465332
1.07208251953
0.968566894531
0.963989257812
0.745269775391
0.740020751953
0.777648925781
0.731048583984
0.718933105469
0.760040283203
0.627593994141
1.2370300293
1.20248413086
1.10083007812
1.12756347656
1.10580444336
0.92333984375
0.799438476562
0.702453613281
0.725646972656
0.826599121094
0.816040039062
0.741668701172
0.723052978516
1.24829101562
0.981994628906
0.890319824219
0.806671142578
0.750854492188
0.807769775391
0.786651611328
0.962097167969
0.83056640625
0.899658203125
0.787292480469
0.755950927734
0.853973388672
0.996948242188
0.797149658203
0.835266113281
0.543853759766
0.511688232422
0.502868652344
0.738922119141
0.592041015625
0.194732666016
0.172485351562
0.425323486328
0.426055908203
0.447540283203
1.30062866211
1.13330078125
1.03854370117
1.04702758789
1.13165283203
0.637451171875
0.944732666016
0.677001953125
0.856994628906
0.787628173828
0.905914306641
0.778015136719
0.936462402344
0.985168457031
0.533660888672
0.539520263672
0.506072998047
0.588226318359
0.676544189453
1.18316650391
1.09777832031
1.07962036133
1.00527954102
1.08825683594
1.04608154297
0.798919677734
1.24426269531
0.900390625
0.611328125
0.651977539062
0.732086181641
0.565093994141
0.850128173828
0.425415039062
0.406555175781
0.374786376953
0.15771484375
0.0469665527344
0.790649414062
0.989013671875
0.844360351562
0.768920898438
0.776580810547
0.858734130859
0.870727539062
1.04351806641
0.846038818359
0.978607177734
0.905700683594
0.796112060547
0.971618652344
1.20779418945
1.17318725586
1.0768737793
1.02758789062
1.14886474609
1.05615234375
0.649078369141
0.877349853516
0.703033447266
0.890808105469
0.904602050781
0.797668457031
0.841125488281
1.24676513672
1.15579223633
1.04800415039
1.12399291992
1.1188659668
1.078125
0.831298828125
0.805633544922
0.865417480469
0.878997802734
0.871368408203
0.765716552734
0.804565429688
1.17065429688
0.930145263672
0.856872558594
0.807098388672
0.694458007812
0.700592041016
0.959747314453
0.801940917969
0.752624511719
0.827209472656
0.732604980469
0.734832763672
0.823028564453
1.05401611328
0.832092285156
0.790802001953
0.521270751953
0.407653808594
0.4423828125
0.983764648438
0.435791015625
0.0724182128906
0.196807861328
0.365753173828
0.371856689453
0.379852294922
1.29968261719
1.15701293945
1.07131958008
0.930633544922
1.08270263672
0.964813232422
0.792846679688
0.703979492188
0.871948242188
0.916168212891
0.73193359375
0.724884033203
0.791107177734
0.800384521484
0.496612548828
0.531555175781
0.658325195312
0.872314453125
0.926361083984
1.20324707031
1.13363647461
1.08798217773
1.01666259766
1.07537841797
0.990814208984
1.11709594727
1.15731811523
0.890167236328
0.615539550781
0.704925537109
0.630523681641
0.541961669922
0.809631347656
0.508514404297
0.472778320312
0.429260253906
0.109039306641
0.0474548339844
0.894958496094
1.00799560547
0.809020996094
0.819213867188
0.754333496094
0.755889892578
0.818908691406
0.804107666016
0.673675537109
0.935577392578
0.811309814453
0.768615722656
0.687652587891
1.23593139648
1.13369750977
1.08868408203
0.846099853516
1.05261230469
1.05599975586
0.889373779297
0.934173583984
0.66552734375
0.806091308594
0.777587890625
0.782928466797
0.711639404297
1.20678710938
1.17471313477
1.12762451172
0.98388671875
1.07623291016
1.03515625
0.847961425781
0.786163330078
0.701751708984
0.856689453125
0.737945556641
0.662933349609
0.814270019531
1.13623046875
0.734191894531
0.859008789062
0.794891357422
0.706268310547
0.79931640625
0.794891357422
0.741638183594
0.8359375
0.834533691406
0.84130859375
0.648223876953
0.814697265625
0.807220458984
0.849365234375
0.664672851562
0.533081054688
0.401916503906
0.475036621094
0.741851806641
0.445739746094
0.191741943359
0.425933837891
0.465789794922
0.440734863281
1.04400634766
1.21926879883
1.08941650391
1.09002685547
1.1240234375
1.05514526367
0.630859375
0.967102050781
0.959594726562
0.941040039062
0.955841064453
0.799621582031
0.769378662109
0.985687255859
0.844879150391
0.595458984375
0.442413330078
0.470916748047
0.467346191406
0.433532714844
1.19595336914
1.11535644531
1.14849853516
1.01235961914
1.04342651367
0.805541992188
1.1989440918
1.21221923828
0.902160644531
0.681671142578
0.701782226562
0.724914550781
0.522094726562
0.888244628906
0.514343261719
0.427124023438
0.325317382812
0.0615234375
0.0362548828125
1.17346191406
0.826690673828
0.808319091797
0.716369628906
0.732971191406
0.912200927734
1.02966308594
0.847869873047
0.842376708984
0.883544921875
0.911956787109
0.793273925781
0.864105224609
1.22021484375
1.0973815918
1.1259765625
0.96240234375
1.03912353516
0.823089599609
1.00100708008
0.727264404297
0.782135009766
0.786437988281
0.913909912109
0.840972900391
0.891448974609
1.23849487305
1.14260864258
1.10543823242
1.013671875
0.974792480469
0.977935791016
0.948425292969
0.752258300781
0.769500732422
0.925048828125
0.767700195312
0.642150878906
0.821716308594
1.15243530273
0.978118896484
0.972991943359
0.752258300781
0.770294189453
0.822814941406
0.796234130859
0.756713867188
0.803161621094
0.873901367188
0.723327636719
0.750091552734
1.07098388672
1.10403442383
0.722106933594
0.581695556641
0.423278808594
0.421020507812
0.476867675781
0.714233398438
0.304656982422
0.0415344238281
0.300628662109
0.376922607422
0.407745361328
1.29473876953
1.10192871094
1.09033203125
1.04629516602
1.08801269531
1.13226318359
0.438446044922
1.00021362305
0.876312255859
0.780181884766
0.598114013672
0.861511230469
0.6884765625
0.821044921875
0.655517578125
0.550231933594
0.631286621094
0.499481201172
0.419311523438
0.393981933594
1.21493530273
1.12033081055
1.08126831055
1.08767700195
1.03536987305
0.71484375
1.19869995117
0.891998291016
0.799713134766
0.665863037109
0.743927001953
0.676025390625
0.755310058594
0.697326660156
0.470336914062
0.596221923828
0.273132324219
0.0652465820312
0.044189453125
0.984588623047
0.834655761719
0.816680908203
0.797912597656
0.628387451172
0.815887451172
0.990417480469
0.740905761719
0.7392578125
0.922637939453
0.887329101562
0.844573974609
0.780395507812
1.26806640625
1.15377807617
1.12838745117
1.09432983398
0.996124267578
0.764282226562
0.867370605469
0.688903808594
0.731658935547
0.830383300781
0.760864257812
0.649963378906
0.772216796875
1.25738525391
1.13357543945
1.02224731445
1.1217956543
1.05505371094
0.679107666016
0.904541015625
0.691314697266
0.907440185547
0.776428222656
0.730072021484
0.748504638672
0.985565185547
1.15014648438
0.869598388672
0.665649414062
0.768035888672
0.787384033203
0.868041992188
0.992340087891
0.704864501953
0.904998779297
0.891052246094
0.763000488281
0.714965820312
0.974945068359
0.973419189453
0.750946044922
0.749877929688
0.485015869141
0.536834716797
0.489044189453
0.793792724609
0.253692626953
0.165740966797
0.350799560547
0.401519775391
0.4912109375
1.22991943359
1.15588378906
1.09237670898
1.05737304688
1.08645629883
0.968688964844
0.745300292969
1.00427246094
0.814605712891
0.892761230469
0.813995361328
0.842742919922
0.835113525391
1.01834106445
0.885681152344
0.563446044922
0.528717041016
0.457977294922
0.405303955078
1.00033569336
1.17776489258
1.1477355957
1.08364868164
1.06079101562
1.06820678711
0.588714599609
1.27444458008
0.818237304688
0.836151123047
0.700622558594
0.665283203125
0.669250488281
0.758422851562
0.5537109375
0.447143554688
0.409851074219
0.326019287109
0.125732421875
0.136016845703
0.972595214844
0.80810546875
0.633392333984
0.681854248047
0.794921875
0.804321289062
0.972137451172
0.811614990234
0.922241210938
1.00366210938
0.814392089844
0.841491699219
0.868438720703
1.19638061523
1.14413452148
1.12362670898
1.09286499023
1.08248901367
0.730163574219
0.751983642578
0.720977783203
0.933471679688
0.879455566406
0.765167236328
0.700256347656
1.03161621094
1.23013305664
1.13372802734
1.14532470703
1.12963867188
0.968780517578
0.539520263672
0.928863525391
0.842742919922
0.906433105469
0.850250244141
0.740936279297
0.911956787109
1.12966918945
1.10180664062
0.862579345703
0.732299804688
0.795288085938
0.753753662109
0.912933349609
0.92724609375
0.784851074219
0.867370605469
0.832092285156
0.72265625
0.756805419922
1.08407592773
0.787811279297
0.79638671875
0.588104248047
0.503387451172
0.495147705078
0.407470703125
0.71923828125
0.193786621094
0.126983642578
0.417572021484
0.385559082031
0.438873291016
1.24032592773
1.13906860352
1.13555908203
1.07916259766
0.931243896484
0.916900634766
1.11001586914
0.996307373047
0.794006347656
0.824157714844
0.857482910156
0.781616210938
0.785278320312
0.920074462891
0.6201171875
0.548431396484
0.539642333984
0.401336669922
0.557403564453
1.24044799805
1.15921020508
1.13214111328
1.09777832031
1.07220458984
1.02212524414
0.501739501953
1.21560668945
0.810272216797
0.787689208984
0.674499511719
0.551605224609
0.560211181641
0.758728027344
0.660583496094
0.452056884766
0.407318115234
0.227111816406
0.212677001953
0.22998046875
1.08206176758
0.797149658203
0.735656738281
0.642913818359
0.840087890625
0.76708984375
0.955749511719
0.711578369141
0.873565673828
0.954010009766
0.753997802734
0.768035888672
1.15417480469
1.23611450195
1.18951416016
1.14260864258
0.97216796875
1.11584472656
0.677703857422
0.886474609375
0.75439453125
0.724273681641
0.825866699219
0.721954345703
0.722534179688
1.24111938477
1.15252685547
1.13623046875
1.13470458984
0.954681396484
1.10165405273
0.629364013672
0.762176513672
0.793334960938
0.735565185547
0.870483398438
0.696319580078
0.657470703125
1.14477539062
1.10284423828
0.856689453125
0.859161376953
0.749359130859
0.899139404297
0.835510253906
0.824310302734
0.726898193359
0.770172119141
0.821350097656
0.744689941406
0.656921386719
0.920135498047
0.705383300781
0.760437011719
0.648406982422
0.442962646484
0.416290283203
0.791473388672
0.653411865234
0.228668212891
0.195831298828
0.448059082031
0.450714111328
0.462432861328
1.24462890625
1.15780639648
1.15704345703
1.14462280273
1.09564208984
1.0749206543
1.01950073242
0.999145507812
0.865814208984
1.00918579102
0.891204833984
1.09365844727
1.03329467773
1.02322387695
0.885223388672
0.991790771484
1.04397583008
1.07302856445
1.08587646484
1.23934936523
1.13983154297
1.12228393555
1.01986694336
1.15710449219
0.951934814453
0.876037597656
1.20416259766
0.930938720703
1.04614257812
1.02728271484
0.862670898438
0.896179199219
1.09396362305
0.894866943359
1.11560058594
0.881866455078
1.08688354492
1.15682983398
1.13073730469
1.11389160156
0.930084228516
1.00387573242
1.06237792969
1.09384155273
1.00451660156
1.13848876953
0.713836669922
0.964599609375
1.04824829102
1.14782714844
0.982421875
1.20361328125
1.19174194336
1.12573242188
1.09942626953
1.07821655273
1.10894775391
0.883483886719
0.902374267578
0.826446533203
0.654266357422
1.11755371094
1.01748657227
0.819915771484
1.26614379883
1.11123657227
1.11563110352
0.931457519531
1.10263061523
0.987426757812
0.536590576172
1.06939697266
0.884979248047
0.834259033203
0.796264648438
0.559997558594
0.368011474609
1.17120361328
0.787170410156
1.05099487305
0.809600830078
0.624603271484
0.807006835938
0.962951660156
0.859252929688
0.942260742188
1.04827880859
0.917205810547
0.847137451172
0.824859619141
1.29333496094
1.07836914062
1.08267211914
0.989410400391
0.842041015625
0.947052001953
0.931091308594
0.951995849609
1.04266357422
0.884338378906
0.908630371094
0.905426025391
1.02423095703
1.21600341797
1.14196777344
1.15438842773
1.11706542969
1.13070678711
0.941680908203
1.19793701172
0.887634277344
1.03424072266
0.940521240234
1.13650512695
1.16674804688
0.697387695312
0.995056152344
0.995300292969
1.0966796875
1.05212402344
1.11187744141
0.908599853516
1.26760864258
1.15475463867
1.06439208984
1.1028137207
1.14413452148
1.13436889648
1.07598876953
1.17468261719
1.05590820312
0.684661865234
0.970733642578
0.902252197266
0.914428710938
1.13632202148
1.04327392578
0.999542236328
0.997039794922
1.10791015625
1.04895019531
1.11584472656
0.93212890625
1.05926513672
1.1061706543
1.11560058594
0.922882080078
0.986785888672
1.02713012695
1.03149414062
1.15338134766
1.16198730469
0.938446044922
1.07382202148
1.17932128906
1.12893676758
1.09088134766
1.08325195312
1.08093261719
1.13858032227
0.834747314453
0.909454345703
0.716857910156
0.794158935547
0.912872314453
0.923095703125
0.785003662109
1.28494262695
1.10870361328
1.09353637695
1.05038452148
1.08554077148
0.968536376953
0.990783691406
1.02459716797
0.882110595703
0.881530761719
0.661499023438
0.524169921875
0.417541503906
1.17993164062
0.796569824219
0.845153808594
0.818725585938
0.839752197266
0.706756591797
1.01211547852
0.941253662109
0.892547607422
1.0315246582
0.965270996094
0.935272216797
0.943084716797
1.12814331055
0.997253417969
1.0270690918
0.923858642578
0.908843994141
0.848083496094
1.01351928711
0.844055175781
0.869354248047
0.962585449219
0.877960205078
0.852355957031
1.11108398438
1.2160949707
1.13949584961
1.15701293945
1.14413452148
1.12188720703
1.04788208008
1.06378173828
0.986419677734
1.08602905273
1.12542724609
1.13439941406
1.10961914062
1.08950805664
0.934143066406
0.898162841797
1.10049438477
0.962066650391
0.933654785156
1.04431152344
1.20590209961
1.14846801758
1.17050170898
1.14703369141
1.15856933594
0.780670166016
1.19052124023
1.13531494141
1.05899047852
0.915313720703
0.683837890625
0.906768798828
1.15179443359
1.05364990234
1.03909301758
1.03121948242
0.834899902344
1.16207885742
1.17691040039
1.1374206543
1.03323364258
1.00268554688
0.965484619141
1.16464233398
1.02816772461
1.24517822266
1.14428710938
0.940795898438
0.984008789062
1.14343261719
1.04415893555
1.02001953125
1.20373535156
1.12432861328
1.12167358398
1.12902832031
1.1520690918
1.07177734375
0.976623535156
0.645812988281
0.71044921875
0.795135498047
1.14581298828
0.977783203125
0.842712402344
1.27435302734
1.13146972656
1.08251953125
1.03530883789
1.09637451172
0.874084472656
1.11141967773
1.12985229492
0.856750488281
0.825073242188
0.673309326172
0.467315673828
0.369262695312
1.24014282227
0.807403564453
0.877593994141
0.762878417969
0.784942626953
0.943969726562
1.07418823242
0.847106933594
0.995239257812
1.04931640625
0.921081542969
0.839141845703
0.969696044922
1.24749755859
1.00347900391
0.943176269531
1.00830078125
0.837890625
0.851196289062
1.07977294922
0.856811523438
1.04025268555
0.96826171875
0.877838134766
0.981658935547
1.17813110352
1.19577026367
1.13061523438
1.1262512207
1.14465332031
1.17193603516
0.960784912109
1.17199707031
0.817657470703
0.954895019531
1.11288452148
1.17413330078
1.13391113281
1.04769897461
1.14654541016
1.15353393555
1.04821777344
0.884490966797
1.01324462891
0.874084472656
1.28643798828
1.12249755859
1.15209960938
1.12194824219
1.14263916016
1.02130126953
1.28500366211
1.00158691406
0.997009277344
0.807922363281
0.931488037109
1.0078125
1.01998901367
1.1865234375
0.964294433594
1.02108764648
1.09976196289
1.0192565918
1.05767822266
1.13458251953
0.912902832031
0.965179443359
1.06741333008
1.07052612305
0.950592041016
1.06225585938
0.998046875
1.04537963867
1.04443359375
1.04333496094
1.00744628906
0.957183837891
1.19869995117
1.11547851562
1.16012573242
1.11660766602
1.10556030273
0.918426513672
0.927185058594
0.672454833984
0.666809082031
0.512847900391
0.394592285156
0.349029541016
0.322479248047
1.24566650391
1.12408447266
1.12963867188
1.03817749023
1.02429199219
0.816162109375
0.966064453125
0.551910400391
0.450775146484
0.473663330078
0.479309082031
0.448211669922
0.72265625
1.21960449219
0.830780029297
0.5966796875
0.615081787109
0.534027099609
0.440643310547
0.758392333984
0.383422851562
0.192169189453
0.214050292969
0.212310791016
0.207946777344
1.03405761719
1.04119873047
0.790100097656
0.761444091797
0.490600585938
0.458557128906
0.408996582031
0.842498779297
0.487396240234
0.427276611328
0.422241210938
0.388153076172
0.388427734375
1.19580078125
1.15975952148
1.14657592773
1.13641357422
1.0676574707
1.17764282227
0.761505126953
1.07067871094
1.13711547852
0.949066162109
1.04586791992
1.11801147461
1.01107788086
1.05261230469
0.854248046875
0.983001708984
1.0908203125
1.12106323242
1.06878662109
1.08520507812
1.31652832031
1.16220092773
1.07922363281
1.17315673828
1.13986206055
0.717468261719
1.19567871094
0.852630615234
0.943420410156
1.05358886719
0.924346923828
0.930084228516
1.07577514648
1.08834838867
1.02056884766
1.16860961914
1.02337646484
1.15570068359
1.17691040039
1.15148925781
1.10916137695
0.942016601562
1.04772949219
1.16030883789
0.942047119141
1.11926269531
1.00192260742
0.879974365234
1.04299926758
1.13095092773
1.12399291992
1.14434814453
1.1946105957
1.1237487793
1.11834716797
1.12057495117
1.04647827148
0.986572265625
0.842193603516
0.633056640625
0.6826171875
0.743469238281
0.920623779297
0.997497558594
1.0729675293
1.23199462891
1.09451293945
1.0168762207
1.06430053711
1.02447509766
0.625335693359
1.0634765625
0.907379150391
0.862548828125
0.784088134766
0.487701416016
0.371154785156
1.13577270508
1.17510986328
1.01202392578
0.761352539062
0.619079589844
0.823669433594
0.984130859375
1.06564331055
0.809631347656
0.987243652344
1.02447509766
0.921356201172
0.819152832031
1.07223510742
1.20050048828
0.9423828125
1.00015258789
0.906463623047
0.914337158203
0.873870849609
1.08499145508
0.928833007812
0.9990234375
0.923217773438
0.837585449219
1.00463867188
1.19366455078
1.18334960938
1.19018554688
1.15838623047
1.2043762207
0.957397460938
1.11947631836
1.00445556641
0.9384765625
1.20767211914
1.03826904297
1.04821777344
0.898315429688
0.975006103516
1.00576782227
1.1061706543
1.12609863281
1.15390014648
1.05953979492
1.27105712891
1.2116394043
1.1174621582
1.11056518555
1.16711425781
1.20147705078
0.834686279297
1.24002075195
0.822204589844
1.00863647461
0.794647216797
0.934814453125
1.04656982422
1.0390625
0.934661865234
0.965087890625
0.9638671875
0.997039794922
0.996459960938
1.12759399414
1.07186889648
0.941589355469
1.00085449219
1.00897216797
1.02862548828
1.02850341797
1.06600952148
0.933074951172
1.03518676758
1.08288574219
1.05700683594
1.04208374023
1.05935668945
1.22006225586
1.11889648438
1.18914794922
1.15029907227
1.07110595703
0.819763183594
0.843780517578
0.691772460938
0.699554443359
0.911285400391
0.996429443359
0.837768554688
1.19763183594
1.21633911133
1.09719848633
1.03497314453
1.09390258789
1.00466918945
0.527252197266
1.0966796875
0.989410400391
0.805725097656
0.752502441406
0.456176757812
0.400329589844
1.13000488281
1.18182373047
0.940246582031
0.756042480469
0.745178222656
0.725402832031
0.844757080078
0.959381103516
0.767150878906
1.03231811523
1.03900146484
0.984832763672
0.878265380859
1.14462280273
0.969207763672
1.03033447266
1.03521728516
0.851776123047
0.821624755859
0.987396240234
1.05895996094
0.893829345703
0.919311523438
0.932434082031
0.883514404297
0.910736083984
1.24481201172
1.11376953125
1.16778564453
1.11846923828
1.11267089844
1.1162109375
0.952087402344
0.936950683594
0.892517089844
1.09658813477
1.18963623047
1.08984375
1.11373901367
0.924743652344
0.841430664062
0.862915039062
1.00073242188
1.12298583984
1.08163452148
1.22109985352
1.1852722168
1.14825439453
1.0412902832
1.12973022461
1.11715698242
0.77783203125
1.19219970703
0.999206542969
1.04571533203
0.963317871094
0.839782714844
0.832702636719
1.17907714844
0.994567871094
1.03668212891
0.946136474609
0.937866210938
1.14532470703
1.11288452148
1.04165649414
0.986907958984
0.991668701172
0.975036621094
1.07281494141
1.08734130859
1.04260253906
0.861358642578
1.07528686523
1.04989624023
1.05895996094
0.962249755859
1.22250366211
1.15139770508
1.09851074219
1.11608886719
1.09164428711
1.08587646484
0.805511474609
0.855072021484
0.849822998047
0.852478027344
0.952423095703
1.0871887207
0.830993652344
1.23965454102
1.13333129883
1.10064697266
1.0036315918
1.0842590332
0.971710205078
0.59033203125
1.12152099609
0.92822265625
0.832244873047
0.751556396484
0.563690185547
0.428680419922
1.27584838867
0.926513671875
1.01998901367
0.692993164062
0.677124023438
0.978576660156
1.01571655273
0.835601806641
0.919830322266
1.09790039062
0.955200195312
0.853454589844
0.914978027344
1.2255859375
1.16299438477
0.910369873047
0.948944091797
0.848876953125
0.995056152344
1.03909301758
0.865447998047
0.990264892578
0.933776855469
0.952362060547
1.01211547852
0.992034912109
1.21615600586
1.11795043945
1.16162109375
1.13220214844
1.08966064453
1.10415649414
1.00875854492
1.04794311523
0.987335205078
1.08987426758
1.09921264648
0.998596191406
1.13604736328
0.976104736328
0.926116943359
1.14965820312
1.03179931641
0.958740234375
1.06649780273
1.21820068359
1.17697143555
1.16320800781
1.1633605957
1.14819335938
1.08801269531
1.04861450195
1.19607543945
1.05249023438
1.06015014648
0.836090087891
0.960998535156
1.09417724609
1.12219238281
0.842864990234
1.13293457031
0.973449707031
0.998321533203
1.05346679688
1.21969604492
1.00790405273
1.02136230469
0.981506347656
1.04623413086
1.15444946289
0.991516113281
1.06430053711
0.789123535156
0.946929931641
1.11428833008
1.03393554688
0.994049072266
1.21322631836
1.1330871582
1.11642456055
1.09411621094
1.10797119141
1.1125793457
0.496459960938
1.08169555664
0.71044921875
0.687133789062
0.691345214844
0.599884033203
0.378692626953
1.2243347168
1.13439941406
1.12094116211
1.02920532227
1.11682128906
0.987762451172
0.699157714844
0.779205322266
0.667602539062
0.547241210938
0.496978759766
0.43359375
0.535552978516
1.16275024414
0.818969726562
0.798278808594
0.649780273438
0.56201171875
0.559844970703
0.756408691406
0.570037841797
0.274291992188
0.240081787109
0.284240722656
0.287200927734
0.270812988281
1.00354003906
0.902221679688
0.753265380859
0.606628417969
0.526275634766
0.461669921875
0.939788818359
0.629943847656
0.484313964844
0.516815185547
0.484039306641
0.437835693359
0.505249023438
1.22348022461
1.05099487305
1.10107421875
1.07772827148
1.09750366211
0.656036376953
0.992340087891
0.697906494141
0.85107421875
0.842102050781
0.77490234375
0.752655029297
0.906921386719
0.896057128906
0.692535400391
0.68603515625
0.575164794922
0.544708251953
0.569091796875
1.19607543945
1.11972045898
1.15237426758
1.05075073242
1.08465576172
0.840301513672
1.21502685547
1.16354370117
0.878570556641
0.722473144531
0.677001953125
0.616790771484
0.494934082031
0.782806396484
0.43896484375
0.387908935547
0.411254882812
0.091064453125
0.0687255859375
1.00268554688
0.991119384766
0.701690673828
0.817230224609
0.876800537109
0.873504638672
0.835418701172
0.892303466797
0.782745361328
1.00274658203
0.838623046875
0.807525634766
0.932159423828
1.17895507812
1.17620849609
1.11334228516
0.940307617188
1.05322265625
1.1282043457
0.995941162109
0.9375
0.866668701172
0.893493652344
0.906097412109
0.734741210938
0.706787109375
1.23272705078
1.1416015625
1.1328125
1.05935668945
1.12426757812
0.924011230469
0.838684082031
0.843536376953
0.837371826172
0.873718261719
0.969268798828
0.657836914062
0.863800048828
1.19665527344
0.829956054688
0.871978759766
0.756286621094
0.743988037109
0.909240722656
0.918365478516
0.713348388672
0.857177734375
0.851135253906
0.870239257812
0.733154296875
0.794006347656
1.06817626953
0.72900390625
0.722595214844
0.460693359375
0.416381835938
0.403625488281
0.714172363281
0.369445800781
0.0677795410156
0.292846679688
0.461578369141
0.421783447266
1.01544189453
1.2610168457
1.10614013672
1.05111694336
1.14837646484
1.07669067383
0.712890625
0.891876220703
0.805419921875
0.829193115234
0.805084228516
0.848724365234
0.909149169922
0.878967285156
0.83203125
0.401275634766
0.353424072266
0.408996582031
0.501342773438
0.645599365234
1.20574951172
1.14114379883
1.14352416992
1.05001831055
1.017578125
0.863433837891
1.20776367188
1.14303588867
0.782501220703
0.646697998047
0.586334228516
0.654693603516
0.508056640625
0.833312988281
0.500640869141
0.399932861328
0.336730957031
0.072265625
0.0525512695312
0.958892822266
0.837432861328
0.743377685547
0.736846923828
0.708770751953
0.772735595703
0.899993896484
0.981872558594
0.716064453125
0.869567871094
0.851348876953
0.71630859375
0.833343505859
1.19131469727
1.08648681641
1.09121704102
1.04824829102
1.11755371094
0.65087890625
1.01696777344
0.810699462891
0.711273193359
0.799591064453
0.710845947266
0.646789550781
0.665771484375
1.21936035156
1.17269897461
1.06848144531
1.07336425781
1.12155151367
0.83837890625
1.02490234375
0.705413818359
0.737915039062
0.986419677734
0.809448242188
0.668853759766
0.76513671875
1.22756958008
0.955688476562
0.802368164062
0.783172607422
0.675842285156
0.818511962891
0.925079345703
0.751678466797
0.813537597656
0.822967529297
0.769409179688
0.694763183594
0.965637207031
0.961303710938
0.81689453125
0.597717285156
0.516784667969
0.409637451172
0.499572753906
0.769958496094
0.385345458984
0.173187255859
0.357574462891
0.395233154297
0.430633544922
1.22698974609
1.16851806641
1.14190673828
1.15029907227
1.07965087891
1.09133911133
0.610931396484
0.913391113281
0.907897949219
0.719635009766
0.909271240234
0.816528320312
0.89697265625
1.00109863281
0.615844726562
0.629974365234
0.551177978516
0.609191894531
0.585052490234
0.804931640625
1.18249511719
1.10821533203
1.05923461914
1.03869628906
1.06985473633
0.526153564453
1.15478515625
0.895111083984
0.810577392578
0.641632080078
0.557250976562
0.624572753906
0.806976318359
0.727203369141
0.427734375
0.482727050781
0.264739990234
0.063232421875
0.0396728515625
1.0185546875
0.90625
0.713684082031
0.747802734375
0.821014404297
0.816253662109
1.00213623047
0.892211914062
0.906341552734
0.906494140625
0.782257080078
0.807983398438
0.846984863281
1.23092651367
1.09265136719
1.18002319336
1.08453369141
0.905426025391
0.757507324219
1.11218261719
0.952331542969
0.856018066406
0.712707519531
0.769287109375
0.675872802734
0.973327636719
1.23577880859
1.16543579102
1.11712646484
0.956817626953
0.95166015625
0.664367675781
0.870849609375
0.706298828125
0.884857177734
0.730773925781
0.646057128906
0.895843505859
1.03259277344
1.23663330078
1.00280761719
0.912445068359
0.677581787109
0.821197509766
0.865600585938
0.861450195312
0.716491699219
0.893280029297
0.851135253906
0.786529541016
0.731842041016
0.937255859375
0.701721191406
0.746734619141
0.612762451172
0.396850585938
0.447509765625
0.412719726562
0.821319580078
0.218536376953
0.0444641113281
0.349517822266
0.387817382812
0.404327392578
1.27722167969
1.12823486328
1.13854980469
1.01947021484
1.08111572266
0.921478271484
0.910308837891
1.01040649414
0.709564208984
0.871459960938
0.88818359375
0.738464355469
0.759094238281
0.926300048828
0.788726806641
0.625091552734
0.4921875
0.333404541016
0.430541992188
1.02224731445
1.18563842773
1.11145019531
1.05880737305
1.0617980957
0.977416992188
0.661956787109
1.14852905273
0.774475097656
0.891357421875
0.664703369141
0.519744873047
0.556701660156
0.79833984375
0.930572509766
0.504852294922
0.360290527344
0.223541259766
0.0523681640625
0.0475463867188
1.02877807617
0.741485595703
0.765411376953
0.794281005859
0.789672851562
0.767150878906
0.958038330078
0.796020507812
0.804412841797
0.913940429688
0.894012451172
0.701629638672
1.08093261719
1.19976806641
1.14938354492
1.05114746094
0.994110107422
0.905456542969
0.737823486328
0.739898681641
0.824554443359
0.771606445312
0.802185058594
0.841674804688
0.670593261719
1.25631713867
1.25588989258
1.06414794922
1.1396484375
1.10162353516
0.862915039062
0.793395996094
0.830810546875
0.807312011719
0.859039306641
0.818420410156
0.769775390625
0.692260742188
1.16998291016
1.26321411133
0.872802734375
0.763916015625
0.630889892578
0.796112060547
0.749420166016
0.775726318359
0.750946044922
0.747741699219
0.754852294922
0.757446289062
0.751770019531
0.972869873047
0.844085693359
0.643096923828
0.629516601562
0.397277832031
0.485076904297
0.754913330078
0.690338134766
0.225463867188
0.201324462891
0.440246582031
0.461975097656
0.545318603516
1.29330444336
1.1452331543
1.15805053711
0.968292236328
1.06625366211
0.889282226562
0.8583984375
0.944091796875
0.955627441406
0.865173339844
0.721160888672
0.901458740234
0.818267822266
0.940612792969
0.733367919922
0.569396972656
0.383239746094
0.319000244141
0.381744384766
1.17584228516
1.11242675781
1.10073852539
1.07162475586
1.08746337891
1.00241088867
0.517028808594
1.17828369141
0.752899169922
0.784088134766
0.688049316406
0.549835205078
0.588134765625
0.945953369141
0.532135009766
0.398590087891
0.375305175781
0.227416992188
0.0458374023438
0.760925292969
1.02813720703
0.852722167969
0.740386962891
0.723388671875
0.850250244141
0.881530761719
1.07327270508
0.803039550781
0.947875976562
0.881622314453
0.905548095703
0.822937011719
1.02420043945
1.18222045898
1.12637329102
0.99853515625
1.13046264648
1.08279418945
0.758209228516
0.88427734375
0.586608886719
0.945251464844
0.878112792969
0.820495605469
0.826629638672
1.22875976562
1.18240356445
1.0771484375
1.14624023438
1.12756347656
1.10412597656
0.577239990234
0.861846923828
0.7060546875
1.01184082031
0.907409667969
0.813842773438
0.777160644531
1.19714355469
1.03063964844
0.9345703125
0.726440429688
0.716949462891
0.689971923828
0.991973876953
0.930633544922
0.772766113281
0.762481689453
0.742004394531
0.708282470703
0.767883300781
1.09240722656
0.918853759766
0.743499755859
0.542144775391
0.533752441406
0.451477050781
0.778350830078
0.62646484375
0.106201171875
0.0420227050781
0.342742919922
0.393890380859
0.338958740234
1.24658203125
1.13812255859
1.09292602539
0.8955078125
1.06683349609
0.973449707031
0.80322265625
0.839904785156
0.909912109375
0.840576171875
0.701416015625
0.792022705078
0.754791259766
1.08834838867
0.567291259766
0.323547363281
0.478698730469
0.464477539062
0.523498535156
1.22793579102
1.16592407227
1.07681274414
1.0553894043
1.10321044922
1.0036315918
0.5791015625
1.25112915039
0.937133789062
0.639617919922
0.632110595703
0.622375488281
0.693511962891
0.821350097656
0.498962402344
0.4306640625
0.417358398438
0.173217773438
0.0388793945312
0.795318603516
0.990814208984
0.831665039062
0.775939941406
0.687774658203
0.742126464844
0.833587646484
0.926574707031
0.640472412109
0.832061767578
0.872131347656
0.898223876953
0.733947753906
1.23989868164
1.13204956055
1.11181640625
1.01281738281
1.09588623047
1.14419555664
0.547515869141
0.902984619141
0.724212646484
0.821899414062
0.841827392578
0.665435791016
0.706481933594
1.28448486328
1.06564331055
1.1123046875
1.00866699219
1.06311035156
1.04992675781
0.696990966797
0.749938964844
0.767547607422
0.83447265625
0.853424072266
0.678314208984
0.838287353516
1.17980957031
0.918640136719
0.790618896484
0.762603759766
0.670349121094
0.789093017578
0.903533935547
0.958312988281
0.767059326172
0.853485107422
0.827972412109
0.643768310547
0.736236572266
0.908416748047
0.769653320312
0.713623046875
0.578155517578
0.5380859375
0.469787597656
0.800750732422
0.583068847656
0.184722900391
0.280426025391
0.383056640625
0.463531494141
0.474792480469
1.25057983398
1.16345214844
1.13027954102
1.01483154297
1.10705566406
0.839263916016
1.03765869141
0.854553222656
0.835083007812
0.875915527344
0.890991210938
0.752563476562
0.887786865234
0.923614501953
0.587097167969
0.579284667969
0.595306396484
0.61474609375
0.496704101562
1.18167114258
1.15805053711
1.10528564453
1.04272460938
1.09729003906
0.933837890625
1.07797241211
1.19616699219
0.921173095703
0.643371582031
0.659149169922
0.730804443359
0.50830078125
0.772613525391
0.432769775391
0.463989257812
0.447906494141
0.226257324219
0.135894775391
1.13372802734
1.02084350586
0.710601806641
0.784790039062
0.834503173828
1.04476928711
0.912872314453
0.957183837891
0.865997314453
0.904388427734
0.926879882812
0.830047607422
0.842407226562
1.17230224609
1.12606811523
1.17559814453
1.04061889648
1.04113769531
0.880401611328
0.896667480469
0.911224365234
0.791961669922
0.902679443359
0.822998046875
0.793426513672
0.833190917969
1.24880981445
1.16195678711
1.11099243164
0.921081542969
1.0705871582
0.984649658203
0.887786865234
0.697601318359
0.840087890625
0.90185546875
0.797576904297
0.731811523438
0.781127929688
1.19329833984
0.834167480469
0.987243652344
0.745697021484
0.652252197266
0.867065429688
0.760681152344
0.711120605469
0.795501708984
0.854949951172
0.779846191406
0.706451416016
0.773803710938
1.03668212891
0.768463134766
0.784942626953
0.531097412109
0.446807861328
0.464569091797
0.793609619141
0.410125732422
0.167114257812
0.265380859375
0.513824462891
0.449676513672
1.04586791992
1.24740600586
1.12811279297
1.03744506836
1.12594604492
1.11880493164
0.545043945312
0.932800292969
0.766510009766
0.824096679688
0.671966552734
0.916656494141
0.809112548828
0.810363769531
0.658264160156
0.530670166016
0.505462646484
0.582305908203
0.535705566406
0.5146484375
1.21780395508
1.14498901367
1.0783996582
1.05990600586
1.08044433594
0.822509765625
1.18975830078
1.18063354492
0.794647216797
0.657684326172
0.615295410156
0.569641113281
0.513641357422
0.954376220703
0.572662353516
0.495422363281
0.329193115234
0.111358642578
0.153839111328
1.03594970703
0.802612304688
0.786010742188
0.758270263672
0.767028808594
0.8583984375
0.868591308594
0.948944091797
0.745025634766
0.905517578125
0.893035888672
0.818054199219
0.731384277344
1.22232055664
1.14138793945
1.11898803711
1.11267089844
1.15515136719
0.751983642578
0.832611083984
0.837677001953
0.759857177734
0.812225341797
0.695129394531
0.686950683594
0.679382324219
1.22216796875
1.16351318359
1.13928222656
1.15930175781
1.10928344727
0.703125
0.831115722656
0.682434082031
0.759063720703
0.833892822266
0.676025390625
0.723663330078
0.687622070312
1.1637878418
1.04113769531
0.792114257812
0.660766601562
0.728790283203
0.757080078125
0.837493896484
0.713500976562
0.775726318359
0.806976318359
0.853424072266
0.742431640625
0.86328125
0.814697265625
0.757659912109
0.676391601562
0.481475830078
0.434844970703
0.447875976562
0.841674804688
0.369598388672
0.210357666016
0.354461669922
0.389282226562
0.467956542969
0.396148681641
0.525024414062
0.44580078125
0.532287597656
0.494079589844
0.499847412109
0.4970703125
0.473358154297
0.561737060547
0.551483154297
0.482269287109
0.506744384766
0.473724365234
0.574951171875
0.661041259766
0.635833740234
0.626342773438
0.668823242188
0.694976806641
0.608184814453
0.621429443359
0.674163818359
0.579803466797
0.594177246094
0.650390625
0.573120117188
0.553497314453
0.519348144531
0.451171875
0.488464355469
0.475402832031
0.4765625
0.472869873047
0.464111328125
0.442565917969
0.459564208984
0.450592041016
0.457733154297
0.450653076172
0.699310302734
0.715454101562
0.742431640625
0.697784423828
0.664215087891
0.733489990234
0.703308105469
0.631042480469
0.701904296875
0.666412353516
0.660003662109
0.700653076172
0.636474609375
0.462951660156
0.494689941406
0.457275390625
0.448608398438
0.425323486328
0.430236816406
0.437561035156
0.440124511719
0.434234619141
0.434356689453
0.436920166016
0.435882568359
0.413513183594
0.699310302734
0.704620361328
0.625396728516
0.646881103516
0.619201660156
0.684631347656
0.576202392578
0.638549804688
0.649719238281
0.591613769531
0.658843994141
0.607940673828
0.632019042969
0.416290283203
0.434814453125
0.422546386719
0.464447021484
0.441345214844
0.427581787109
0.435455322266
0.432342529297
0.440643310547
0.430236816406
0.435455322266
0.429290771484
0.674285888672
0.706939697266
0.686218261719
0.630523681641
0.6796875
0.560516357422
0.682678222656
0.611755371094
0.617462158203
0.658142089844
0.626892089844
0.651824951172
0.636169433594
0.623352050781
0.440826416016
0.452606201172
0.409210205078
0.412872314453
0.415466308594
0.408050537109
0.404541015625
0.412139892578
0.40771484375
0.433502197266
0.409301757812
0.400329589844
0.575805664062
0.681213378906
0.669281005859
0.578308105469
0.615295410156
0.651306152344
0.548706054688
0.645935058594
0.669464111328
0.552459716797
0.660614013672
0.641052246094
0.641052246094
0.469177246094
0.451080322266
0.429656982422
0.410736083984
0.406951904297
0.423583984375
0.414764404297
0.407531738281
0.416381835938
0.427490234375
0.415588378906
0.411834716797
0.41357421875
0.625030517578
0.682830810547
0.510284423828
0.600463867188
0.603088378906
0.592498779297
0.614227294922
0.581817626953
0.607238769531
0.614715576172
0.579040527344
0.603454589844
0.600250244141
0.509887695312
0.521606445312
0.529663085938
0.499328613281
0.475280761719
0.509979248047
0.497467041016
0.487701416016
0.492279052734
0.492858886719
0.483978271484
0.527770996094
0.648895263672
0.6650390625
0.668090820312
0.592834472656
0.667297363281
0.660430908203
0.655212402344
0.686889648438
0.647430419922
0.603607177734
0.657989501953
0.628723144531
0.618988037109
0.614990234375
0.531951904297
0.553527832031
0.519744873047
0.529052734375
0.533966064453
0.521606445312
0.527374267578
0.487365722656
0.492706298828
0.512512207031
0.483642578125
0.543701171875
0.768798828125
0.686889648438
0.690704345703
0.689178466797
0.685455322266
0.640472412109
0.743896484375
0.652801513672
0.683898925781
0.68212890625
0.654998779297
0.653747558594
0.663452148438
0.627532958984
0.504730224609
0.4921875
0.45703125
0.457824707031
0.45947265625
0.423858642578
0.454193115234
0.457366943359
0.451293945312
0.451843261719
0.45458984375
0.436614990234
0.556701660156
0.625885009766
0.621154785156
0.525848388672
0.613739013672
0.656127929688
0.567077636719
0.639678955078
0.680816650391
0.563629150391
0.610046386719
0.658660888672
0.579711914062
0.537078857422
0.493469238281
0.464904785156
0.440948486328
0.4462890625
0.440856933594
0.438201904297
0.448638916016
0.455291748047
0.447204589844
0.448883056641
0.453369140625
0.453277587891
0.746795654297
0.66748046875
0.662017822266
0.698059082031
0.651733398438
0.687255859375
0.688537597656
0.672302246094
0.699279785156
0.692840576172
0.650543212891
0.706970214844
0.668518066406
0.448913574219
0.448211669922
0.453216552734
0.454223632812
0.429718017578
0.428771972656
0.424987792969
0.439788818359
0.430755615234
0.420166015625
0.439239501953
0.418518066406
0.639373779297
0.686798095703
0.69677734375
0.617584228516
0.657531738281
0.627502441406
0.685394287109
0.630706787109
0.613861083984
0.620788574219
0.638061523438
0.658660888672
0.617797851562
0.638397216797
0.471588134766
0.434051513672
0.437286376953
0.432952880859
0.423370361328
0.432098388672
0.429168701172
0.427947998047
0.436065673828
0.435302734375
0.427917480469
0.428253173828
0.714233398438
0.696105957031
0.723388671875
0.564758300781
0.679595947266
0.642883300781
0.655059814453
0.607849121094
0.555541992188
0.668243408203
0.574676513672
0.579406738281
0.630279541016
0.484008789062
0.460510253906
0.403289794922
0.421691894531
0.408416748047
0.412322998047
0.412933349609
0.411743164062
0.407257080078
0.403747558594
0.405822753906
0.401763916016
0.417419433594
0.650939941406
0.623443603516
0.642120361328
0.649505615234
0.603820800781
0.629241943359
0.652252197266
0.657257080078
0.631469726562
0.650634765625
0.616363525391
0.599975585938
0.622894287109
0.428741455078
0.419219970703
0.4228515625
0.413818359375
0.420257568359
0.412109375
0.420471191406
0.415496826172
0.417266845703
0.407806396484
0.409118652344
0.416625976562
0.502105712891
0.671783447266
0.539093017578
0.607727050781
0.612854003906
0.564025878906
0.607666015625
0.610382080078
0.523773193359
0.596649169922
0.619140625
0.514923095703
0.590423583984
0.586730957031
0.505950927734
0.518249511719
0.536041259766
0.483703613281
0.512878417969
0.508575439453
0.511169433594
0.498352050781
0.496368408203
0.505432128906
0.501617431641
0.52490234375
0.736389160156
0.636291503906
0.620361328125
0.597686767578
0.657623291016
0.650970458984
0.644775390625
0.643280029297
0.685455322266
0.570831298828
0.6953125
0.647125244141
0.617767333984
0.60400390625
0.584411621094
0.514495849609
0.533630371094
0.520935058594
0.498046875
0.554992675781
0.489074707031
0.475341796875
0.502075195312
0.523773193359
0.511413574219
0.490692138672
0.742034912109
0.629150390625
0.683959960938
0.646697998047
0.739013671875
0.724731445312
0.695373535156
0.695129394531
0.648895263672
0.68310546875
0.668365478516
0.626617431641
0.653228759766
1.21737670898
1.14431762695
1.10635375977
1.0754699707
0.993408203125
0.898559570312
0.885559082031
0.845947265625
0.910919189453
0.842193603516
0.898834228516
0.766571044922
0.805450439453
0.875579833984
0.522186279297
0.447631835938
0.403228759766
0.569427490234
0.568420410156
1.22839355469
1.11602783203
1.09606933594
1.05264282227
1.07073974609
1.05819702148
1.07080078125
1.12756347656
0.965576171875
0.568237304688
0.651000976562
0.757873535156
0.578643798828
0.800109863281
0.478118896484
0.404022216797
0.554138183594
0.453063964844
0.3671875
0.886535644531
0.947998046875
0.813659667969
0.695770263672
0.755584716797
0.876831054688
0.904479980469
1.04425048828
0.821350097656
0.914672851562
0.803497314453
0.824279785156
0.736846923828
1.20669555664
1.14236450195
1.10360717773
1.0859375
1.13757324219
1.013671875
0.545623779297
0.810821533203
0.909973144531
0.832946777344
0.788726806641
0.802398681641
0.846588134766
1.26037597656
1.13272094727
1.13360595703
1.12072753906
1.10699462891
0.810150146484
0.777770996094
0.922058105469
0.823608398438
0.878662109375
0.745941162109
0.755065917969
0.855072021484
1.25686645508
0.791290283203
0.902313232422
0.754516601562
0.646148681641
0.757904052734
1.02575683594
0.76953125
0.758514404297
0.924865722656
0.805145263672
0.698486328125
0.877746582031
1.1213684082
0.792755126953
0.752838134766
0.517578125
0.480590820312
0.430114746094
0.800415039062
0.515045166016
0.539337158203
0.586975097656
0.438934326172
0.439544677734
0.978057861328
1.23077392578
1.14907836914
1.17373657227
0.993896484375
0.965637207031
0.766876220703
0.954010009766
0.703643798828
0.874664306641
0.819274902344
0.777618408203
0.788177490234
0.889404296875
0.781555175781
0.503509521484
0.511840820312
0.418273925781
0.402313232422
0.470123291016
1.30377197266
1.09326171875
1.12942504883
1.00119018555
1.08679199219
0.865356445312
1.16442871094
1.11651611328
0.897125244141
0.617706298828
0.676544189453
0.849945068359
0.700897216797
0.911804199219
0.541687011719
0.404113769531
0.599914550781
0.525268554688
0.451110839844
0.936920166016
0.893463134766
0.806182861328
0.680786132812
0.693420410156
0.759338378906
0.937744140625
0.862548828125
0.848602294922
0.810333251953
0.814819335938
0.806793212891
0.720367431641
1.23324584961
1.14971923828
1.14782714844
1.07446289062
1.05432128906
1.09448242188
0.688568115234
0.845123291016
0.781402587891
0.721282958984
0.791198730469
0.706237792969
0.775177001953
1.2912902832
1.17443847656
1.1748046875
1.02304077148
1.00601196289
0.926727294922
0.642028808594
0.940521240234
0.895965576172
0.661437988281
0.78173828125
0.778503417969
0.774139404297
1.14401245117
0.884155273438
0.918029785156
0.814331054688
0.830902099609
0.916229248047
0.895904541016
0.789276123047
0.772430419922
0.908508300781
0.740295410156
0.728118896484
0.862731933594
0.823699951172
0.753814697266
0.650207519531
0.533111572266
0.479034423828
0.4482421875
0.967376708984
0.831909179688
0.726043701172
0.663391113281
0.500732421875
0.471649169922
1.01043701172
1.18637084961
1.10778808594
1.01351928711
1.09042358398
1.08584594727
0.575439453125
1.04574584961
0.664367675781
0.893585205078
0.741119384766
0.800170898438
0.821868896484
0.948638916016
0.945648193359
0.527893066406
0.468933105469
0.508575439453
0.514465332031
0.637847900391
1.18206787109
1.11798095703
1.1237487793
1.0466003418
1.04357910156
0.784942626953
1.17141723633
1.01007080078
0.870880126953
0.739715576172
0.740051269531
0.558776855469
0.717590332031
0.82763671875
0.484405517578
0.365234375
0.366729736328
0.147064208984
0.130859375
1.15469360352
0.875274658203
0.794830322266
0.740051269531
0.788757324219
0.841400146484
0.971771240234
1.00030517578
0.909332275391
0.921478271484
0.779571533203
0.843353271484
0.764251708984
1.16915893555
1.15090942383
1.04476928711
0.987152099609
1.11022949219
1.06817626953
1.10626220703
0.777435302734
0.775970458984
0.852508544922
0.710998535156
0.797119140625
1.01977539062
1.26406860352
1.08972167969
1.13204956055
1.11889648438
1.1252746582
0.877349853516
0.910522460938
0.695861816406
0.850250244141
0.943786621094
0.750854492188
0.747344970703
0.847930908203
1.2262878418
0.890472412109
0.817291259766
0.690307617188
0.877990722656
0.850921630859
0.989898681641
0.781555175781
0.818695068359
0.868530273438
0.760131835938
0.716674804688
1.00344848633
0.886840820312
0.725067138672
0.678314208984
0.521636962891
0.454711914062
0.4423828125
0.750457763672
0.355255126953
0.116424560547
0.349731445312
0.402099609375
0.426055908203
1.28564453125
1.09906005859
1.03909301758
1.08151245117
1.13955688477
1.08270263672
0.597381591797
0.902893066406
0.786499023438
0.861694335938
0.771087646484
0.869171142578
0.755279541016
0.969207763672
0.732299804688
0.839172363281
0.728546142578
0.447113037109
0.498687744141
1.04403686523
1.23489379883
1.095703125
1.08154296875
1.08975219727
1.07070922852
0.515380859375
1.28591918945
0.777069091797
0.803070068359
0.646759033203
0.711883544922
0.553039550781
0.869384765625
0.553039550781
0.452697753906
0.425109863281
0.266204833984
0.17431640625
0.143005371094
1.02716064453
0.882659912109
0.854461669922
0.673706054688
0.801696777344
0.790893554688
0.864562988281
0.809997558594
0.789581298828
0.868530273438
0.873352050781
0.763671875
0.839965820312
1.21270751953
1.11157226562
1.09478759766
1.14825439453
1.01852416992
0.600219726562
1.04327392578
0.625885009766
0.702392578125
0.779632568359
0.850158691406
0.749481201172
0.935943603516
1.18548583984
1.1213684082
0.974914550781
1.11508178711
1.12698364258
0.608734130859
0.820373535156
0.637817382812
0.848114013672
0.845642089844
0.875030517578
0.721221923828
1.1096496582
1.13363647461
0.990905761719
0.664184570312
0.751708984375
0.873962402344
0.804565429688
0.970001220703
0.675598144531
0.809661865234
0.877166748047
0.723541259766
0.763458251953
0.995544433594
0.745452880859
0.874481201172
0.662475585938
0.561340332031
0.434600830078
0.503204345703
0.761627197266
0.276763916016
0.214965820312
0.358978271484
0.448608398438
0.446472167969
1.24731445312
1.15307617188
1.07333374023
1.12216186523
1.09002685547
1.14614868164
0.793975830078
1.0182800293
0.939849853516
0.864135742188
1.00863647461
1.06491088867
1.05062866211
0.757232666016
0.847351074219
1.00540161133
1.08996582031
0.982513427734
1.06796264648
1.21365356445
1.24194335938
1.14950561523
1.13327026367
1.16748046875
1.12359619141
0.902740478516
1.23983764648
0.797912597656
0.928161621094
0.897247314453
0.9189453125
1.07135009766
1.20916748047
0.985137939453
1.09948730469
1.05215454102
1.04837036133
1.03555297852
0.973693847656
1.03558349609
0.762023925781
0.996368408203
1.00372314453
1.09774780273
1.07263183594
1.13967895508
0.923248291016
0.920379638672
0.936065673828
1.06909179688
0.970275878906
0.971038818359
1.2580871582
1.04928588867
1.13284301758
1.10308837891
1.09127807617
0.786773681641
0.890258789062
0.804931640625
0.766235351562
0.923919677734
0.965850830078
0.866485595703
1.19094848633
1.20257568359
1.06991577148
0.959564208984
1.06976318359
1.01699829102
0.561737060547
0.982666015625
0.988861083984
0.821868896484
0.727386474609
0.458831787109
0.398132324219
1.12216186523
1.22946166992
0.942901611328
0.842407226562
0.638854980469
0.785736083984
0.954406738281
1.06585693359
0.942199707031
1.07162475586
1.00283813477
0.894378662109
0.822875976562
1.09725952148
1.11026000977
0.867401123047
0.909301757812
0.912536621094
0.970428466797
0.9560546875
0.930908203125
0.983428955078
0.893280029297
0.943969726562
0.92138671875
0.906616210938
1.22744750977
1.14544677734
1.13293457031
1.16806030273
1.17852783203
1.05264282227
1.10943603516
0.900482177734
0.935943603516
0.964447021484
1.13092041016
1.10375976562
1.01571655273
0.961303710938
1.05920410156
1.07833862305
1.00021362305
0.982147216797
1.08911132812
1.24026489258
1.21694946289
1.06573486328
1.0325012207
1.1650390625
1.14450073242
0.621124267578
1.1985168457
0.915008544922
0.855926513672
0.837860107422
0.989562988281
0.927337646484
1.09362792969
0.860626220703
1.02841186523
1.10662841797
1.06674194336
0.974517822266
1.04077148438
0.905792236328
0.978210449219
1.08740234375
1.06634521484
1.11837768555
1.05654907227
1.13919067383
0.994140625
1.06881713867
1.03610229492
0.981170654297
1.10556030273
1.25454711914
1.17932128906
1.08901977539
1.15542602539
1.11224365234
1.11361694336
0.773590087891
1.05117797852
1.03955078125
0.972106933594
1.01937866211
1.02551269531
0.711181640625
1.19485473633
1.12832641602
1.09652709961
1.06866455078
1.13500976562
1.06530761719
0.553466796875
1.00259399414
0.905944824219
0.568878173828
0.725524902344
0.8349609375
0.811492919922
1.17578125
1.02331542969
1.03820800781
0.773498535156
0.690002441406
0.967987060547
0.919860839844
0.902618408203
0.888916015625
1.03161621094
0.988739013672
0.826721191406
0.936431884766
1.12377929688
1.00592041016
0.840972900391
0.809265136719
0.949615478516
0.925750732422
1.00128173828
1.05209350586
0.8232421875
0.835083007812
0.92919921875
1.01336669922
0.951354980469
1.25003051758
1.14474487305
1.17666625977
1.11056518555
1.10021972656
1.04342651367
1.09548950195
0.989318847656
0.791412353516
1.05139160156
1.02059936523
1.1025390625
1.09896850586
1.06631469727
0.8544921875
1.10687255859
1.06951904297
1.11694335938
0.914154052734
1.18978881836
1.14440917969
1.15139770508
1.16076660156
1.13757324219
1.11505126953
0.830413818359
1.18835449219
1.00341796875
1.01998901367
0.962646484375
0.829376220703
0.902252197266
1.14120483398
1.04162597656
1.04409790039
0.832458496094
0.936096191406
1.06979370117
1.05889892578
1.03762817383
0.946960449219
0.722839355469
0.857574462891
0.944702148438
0.987335205078
1.08938598633
0.870025634766
1.05453491211
1.11679077148
0.962219238281
0.938659667969
1.25122070312
1.14105224609
1.10028076172
1.17114257812
1.14752197266
1.06112670898
1.05059814453
1.09930419922
1.06030273438
1.00875854492
0.964233398438
0.930908203125
0.75537109375
1.26419067383
1.1005859375
1.07925415039
0.921112060547
1.10150146484
1.06512451172
0.809051513672
1.05923461914
0.900268554688
0.679595947266
0.997283935547
0.825866699219
0.889923095703
1.24374389648
0.843475341797
1.02578735352
0.762664794922
0.824005126953
0.953186035156
1.0700378418
0.852874755859
1.00503540039
1.09902954102
1.0032043457
0.786804199219
1.10336303711
1.2412109375
1.13375854492
1.03912353516
0.898193359375
0.997711181641
1.09173583984
0.885314941406
0.908569335938
0.903411865234
0.885620117188
0.906066894531
1.01138305664
0.916381835938
1.20034790039
1.19284057617
1.12139892578
1.10946655273
1.12112426758
0.680816650391
1.11352539062
0.776977539062
0.719207763672
1.14627075195
1.13793945312
0.984893798828
0.942413330078
0.858245849609
0.977569580078
1.18054199219
1.09692382812
0.933227539062
0.882049560547
1.26934814453
1.1501159668
1.12387084961
1.06649780273
1.12432861328
0.899993896484
1.20111083984
1.16293334961
0.920440673828
0.794921875
0.929351806641
0.920043945312
1.10656738281
1.21572875977
0.957824707031
0.936401367188
0.778350830078
0.831329345703
1.06527709961
1.10394287109
0.984130859375
0.915924072266
0.759857177734
1.11392211914
1.14553833008
1.15447998047
0.973754882812
0.930694580078
1.0393371582
1.08840942383
1.07662963867
1.01489257812
1.23577880859
1.15744018555
1.11917114258
1.10092163086
1.11834716797
1.0544128418
0.711334228516
0.927459716797
0.849914550781
0.843231201172
0.585571289062
0.577911376953
0.568420410156
1.19424438477
1.11605834961
1.12600708008
1.05935668945
1.08938598633
0.912322998047
0.866638183594
0.704345703125
0.799194335938
0.793762207031
0.657684326172
0.792266845703
0.840026855469
1.17367553711
0.750579833984
0.795471191406
0.744842529297
0.604034423828
0.689178466797
0.850402832031
0.606140136719
0.684722900391
0.614562988281
0.593902587891
0.499755859375
0.651062011719
1.08239746094
0.860443115234
0.701629638672
0.636413574219
0.669372558594
0.755157470703
0.808135986328
0.541748046875
0.656188964844
0.636627197266
0.804168701172
0.796112060547
0.977783203125
1.22393798828
1.12927246094
1.11840820312
1.01235961914
1.05572509766
0.729400634766
1.01733398438
0.970062255859
0.813934326172
0.984771728516
0.819488525391
0.798187255859
0.959594726562
0.616180419922
0.397033691406
0.3779296875
0.328979492188
0.333618164062
0.343627929688
1.30145263672
1.1701965332
1.11602783203
1.10015869141
1.08932495117
0.836608886719
1.17486572266
1.0729675293
0.8515625
0.607208251953
0.606842041016
0.512390136719
0.278564453125
0.888458251953
0.218353271484
0.0824584960938
0.0704956054688
0.0583190917969
0.0389709472656
1.06018066406
0.843566894531
0.857086181641
0.778442382812
0.836303710938
0.998840332031
0.955780029297
0.958648681641
0.925109863281
0.874481201172
0.844268798828
0.869110107422
0.915679931641
1.2780456543
1.07824707031
1.10568237305
1.05413818359
0.960205078125
0.704864501953
0.817138671875
0.937103271484
0.881591796875
0.912811279297
0.812652587891
0.726531982422
0.827728271484
1.33337402344
1.14447021484
1.13397216797
0.898773193359
0.979766845703
0.625244140625
1.02075195312
0.823547363281
0.878570556641
0.865173339844
0.759979248047
0.828186035156
0.778015136719
1.27752685547
0.984619140625
0.844146728516
0.811584472656
0.695648193359
0.890472412109
0.889190673828
0.688140869141
0.808319091797
0.896942138672
0.817596435547
0.734161376953
0.9541015625
0.810882568359
0.753143310547
0.572540283203
0.375061035156
0.355651855469
0.387176513672
0.772003173828
0.346008300781
0.341705322266
0.326171875
0.322814941406
0.317291259766
1.27313232422
1.15026855469
1.11508178711
1.06652832031
1.0595703125
0.927001953125
0.682556152344
0.976409912109
0.645599365234
0.773254394531
0.918151855469
0.747955322266
0.657470703125
1.01293945312
0.668212890625
0.435546875
0.370300292969
0.342651367188
0.342254638672
0.359222412109
1.22113037109
1.13009643555
1.03704833984
1.10284423828
1.07504272461
0.559875488281
1.18600463867
0.877227783203
0.819976806641
0.602722167969
0.583435058594
0.488800048828
0.793426513672
0.68017578125
0.193603515625
0.0750122070312
0.0703735351562
0.057861328125
0.0286560058594
1.10440063477
0.777618408203
0.885528564453
0.850402832031
0.732666015625
0.82568359375
1.02734375
0.650909423828
0.715637207031
0.902404785156
0.758026123047
0.735443115234
0.777862548828
1.24221801758
1.12097167969
1.134765625
0.979553222656
0.818054199219
0.835845947266
0.799713134766
0.695068359375
0.66455078125
0.765441894531
0.753265380859
0.646545410156
0.843963623047
1.23956298828
1.14694213867
1.09219360352
1.09533691406
0.944976806641
0.802673339844
0.780670166016
0.698608398438
0.751983642578
0.74609375
0.630218505859
0.650665283203
1.10272216797
1.17959594727
0.938049316406
0.720397949219
0.717681884766
0.792633056641
0.755584716797
1.009765625
0.649017333984
0.798980712891
0.893493652344
0.815246582031
0.664428710938
0.912445068359
0.9375
0.694610595703
0.523193359375
0.367095947266
0.379669189453
0.326843261719
0.782043457031
0.355804443359
0.334655761719
0.327514648438
0.304779052734
0.311950683594
0.884155273438
0.739379882812
0.7939453125
0.738525390625
0.722045898438
0.858062744141
0.873321533203
0.847290039062
0.856048583984
0.935760498047
0.890960693359
0.838043212891
0.822509765625
1.10385131836
0.564453125
0.451354980469
0.337646484375
0.322052001953
0.352203369141
0.339935302734
0.314239501953
0.3369140625
0.3486328125
0.309143066406
0.322723388672
0.317016601562
0.24755859375
0.0726318359375
0.0326232910156
0.0162048339844
0.00997924804688
0.00570678710938
0.00326538085938
0.00173950195312
0.00100708007812
0.00054931640625
0.00030517578125
0.00018310546875
0.00421142578125
0.913299560547
0.887115478516
0.792572021484
0.686614990234
0.810699462891
0.921813964844
0.933410644531
0.802398681641
0.939086914062
0.954040527344
0.811157226562
0.842651367188
0.991241455078
1.08471679688
0.901245117188
0.854248046875
0.620635986328
0.778137207031
0.839172363281
0.823883056641
0.750518798828
0.903900146484
0.959716796875
0.885070800781
0.765838623047
0.810791015625
0.753265380859
0.83251953125
0.937042236328
0.797912597656
0.716033935547
0.787170410156
0.870574951172
0.877075195312
0.973907470703
0.811981201172
0.831665039062
0.931274414062
0.928131103516
0.995269775391
0.741241455078
0.722991943359
0.626525878906
0.826354980469
0.833587646484
0.818603515625
0.759948730469
0.886260986328
0.901458740234
0.752685546875
0.732482910156
0.823028564453
0.483612060547
0.409698486328
0.336944580078
0.325561523438
0.319183349609
0.341857910156
0.318145751953
0.315002441406
0.347229003906
0.3388671875
0.308441162109
0.312286376953
0.964660644531
0.877746582031
0.842987060547
0.787689208984
0.719970703125
0.761016845703
0.804595947266
0.701873779297
0.714080810547
0.955749511719
0.877655029297
0.767608642578
0.664154052734
0.703491210938
0.430328369141
0.347229003906
0.3291015625
0.303619384766
0.323211669922
0.36083984375
0.338104248047
0.310241699219
0.338928222656
0.337860107422
0.304809570312
0.317840576172
0.248840332031
0.0623779296875
0.0301513671875
0.0198974609375
0.0118103027344
0.00650024414062
0.00347900390625
0.00186157226562
0.00103759765625
0.00054931640625
0.00030517578125
0.000152587890625
0.309234619141
0.991363525391
0.842926025391
0.783630371094
0.661499023438
0.775909423828
0.770294189453
0.775299072266
0.741729736328
0.777648925781
0.890228271484
0.830627441406
0.679595947266
0.792816162109
0.882873535156
0.793121337891
0.773834228516
0.638580322266
0.701232910156
0.810485839844
0.818481445312
0.640563964844
0.733581542969
0.842712402344
0.785400390625
0.647857666016
0.791809082031
0.767395019531
0.832061767578
0.89892578125
0.840515136719
0.693969726562
0.707611083984
0.658935546875
0.724212646484
0.814697265625
0.878845214844
0.652770996094
0.734588623047
0.712371826172
0.854064941406
0.85546875
0.841979980469
0.727447509766
0.773040771484
0.840606689453
0.742279052734
0.693878173828
0.843048095703
0.829437255859
0.771331787109
0.686157226562
0.752685546875
0.575897216797
0.493469238281
0.458709716797
0.416564941406
0.436492919922
0.423400878906
0.408508300781
0.4306640625
0.498107910156
0.390167236328
0.427459716797
0.405731201172
